method,method_label,method_scope,rank,model,creator,slug,variant_group,evidence_tier,score,score_role,rank_mean,rank_min,rank_max,rank_span,rank_tie_break_policy,rasch_rank,rasch_score,sparse_rasch_rank,sparse_rasch_score,main_unique_benchmark_families,sparse_unique_benchmark_families,unique_benchmark_families,board_item_pool_sizes,twopl_rank,twopl_score,dense_rasch_rank,dense_rasch_score,component_methods,coding_score,coding_tests,coding_rasch_score,coding_sparse_rasch_score,coding_rasch_tests,coding_sparse_rasch_tests,coding_main_item_pool_size,coding_sparse_item_pool_size,coding_evidence_coverage_score,coding_twopl_score,coding_twopl_tests,coding_dense_rasch_score,coding_dense_rasch_tests,agentic-tool-work_score,agentic-tool-work_tests,agentic-tool-work_rasch_score,agentic-tool-work_sparse_rasch_score,agentic-tool-work_rasch_tests,agentic-tool-work_sparse_rasch_tests,agentic-tool-work_main_item_pool_size,agentic-tool-work_sparse_item_pool_size,agentic-tool-work_evidence_coverage_score,agentic-tool-work_twopl_score,agentic-tool-work_twopl_tests,agentic-tool-work_dense_rasch_score,agentic-tool-work_dense_rasch_tests,hard-reasoning_score,hard-reasoning_tests,hard-reasoning_rasch_score,hard-reasoning_sparse_rasch_score,hard-reasoning_rasch_tests,hard-reasoning_sparse_rasch_tests,hard-reasoning_main_item_pool_size,hard-reasoning_sparse_item_pool_size,hard-reasoning_evidence_coverage_score,hard-reasoning_twopl_score,hard-reasoning_twopl_tests,hard-reasoning_dense_rasch_score,hard-reasoning_dense_rasch_tests,knowledge-science_score,knowledge-science_tests,knowledge-science_rasch_score,knowledge-science_sparse_rasch_score,knowledge-science_rasch_tests,knowledge-science_sparse_rasch_tests,knowledge-science_main_item_pool_size,knowledge-science_sparse_item_pool_size,knowledge-science_evidence_coverage_score,knowledge-science_twopl_score,knowledge-science_twopl_tests,knowledge-science_dense_rasch_score,knowledge-science_dense_rasch_tests,instruction-context_score,instruction-context_tests,instruction-context_rasch_score,instruction-context_sparse_rasch_score,instruction-context_rasch_tests,instruction-context_sparse_rasch_tests,instruction-context_main_item_pool_size,instruction-context_sparse_item_pool_size,instruction-context_evidence_coverage_score,instruction-context_twopl_score,instruction-context_twopl_tests,instruction-context_dense_rasch_score,instruction-context_dense_rasch_tests,board_test_slots_total,min_board_tests,boards_below_main_target,evidence_coverage_score,rank_percentile,evidence_rank,rank_change_due_to_required_order,publication_order_rule,required_order_target
rasch_main_sparse_rank_mean,Equal mean of the primary Rasch and sparse-item Rasch evidence ranks,primary_rank_consensus,1,Claude Fable 5 (with fallback),Anthropic,claude-fable-5,claude fable 5 with fallback,Main,97.182,diagnostic_equal_mean_not_ranking_key,2.0,2,2,0,lower_rank_max_then_rank_min_then_stable_id,2,97.1811,2,97.1828,18,18,18,"{'rasch_equal_board': {'coding': 6, 'agentic-tool-work': 10, 'hard-reasoning': 4, 'knowledge-science': 6, 'instruction-context': 4}, 'rasch_sparse_item_sensitivity': {'coding': 7, 'agentic-tool-work': 11, 'hard-reasoning': 6, 'knowledge-science': 7, 'instruction-context': 4}}",1,95.8678,4,96.5579,"{'rasch_equal_board': {'method': 'rasch_equal_board', 'rank': 2, 'score': 97.1811, 'rank_percentile': 99.3464, 'selected_slug': 'claude-fable-5', 'evidence_tier': 'Main', 'board_scores': {'coding': 98.123, 'agentic-tool-work': 93.433, 'hard-reasoning': 99.163, 'knowledge-science': 98.853, 'instruction-context': 96.333}, 'board_tests': {'coding': 4, 'agentic-tool-work': 10, 'hard-reasoning': 3, 'knowledge-science': 4, 'instruction-context': 4}}, 'rasch_sparse_item_sensitivity': {'method': 'rasch_sparse_item_sensitivity', 'rank': 2, 'score': 97.1828, 'rank_percentile': 99.3464, 'selected_slug': 'claude-fable-5', 'evidence_tier': 'Main', 'board_scores': {'coding': 98.122, 'agentic-tool-work': 93.436, 'hard-reasoning': 99.163, 'knowledge-science': 98.86, 'instruction-context': 96.333}, 'board_tests': {'coding': 4, 'agentic-tool-work': 10, 'hard-reasoning': 3, 'knowledge-science': 4, 'instruction-context': 4}}, 'twopl_equal_board': {'method': 'twopl_equal_board', 'rank': 1, 'score': 95.8678, 'rank_percentile': 100.0, 'selected_slug': 'claude-fable-5', 'evidence_tier': 'Main', 'board_scores': {'coding': 94.464, 'agentic-tool-work': 92.746, 'hard-reasoning': 99.644, 'knowledge-science': 98.673, 'instruction-context': 93.812}, 'board_tests': {'coding': 4, 'agentic-tool-work': 10, 'hard-reasoning': 3, 'knowledge-science': 4, 'instruction-context': 4}}, 'rasch_dense_item_sensitivity': {'method': 'rasch_dense_item_sensitivity', 'rank': 4, 'score': 96.5579, 'rank_percentile': 98.0392, 'selected_slug': 'claude-fable-5', 'evidence_tier': 'Main', 'board_scores': {'coding': 98.114, 'agentic-tool-work': 91.222, 'hard-reasoning': 99.163, 'knowledge-science': 98.853, 'instruction-context': 95.437}, 'board_tests': {'coding': 4, 'agentic-tool-work': 7, 'hard-reasoning': 3, 'knowledge-science': 4, 'instruction-context': 3}}}",98.123,4,98.123,98.122,4,4,6,7,61.905,94.464,4,98.114,4,93.435,10,93.433,93.436,10,10,10,11,95.455,92.746,10,91.222,7,99.163,3,99.163,99.163,3,3,4,6,62.5,99.644,3,99.163,3,98.856,4,98.853,98.86,4,4,6,7,61.905,98.673,4,98.853,4,96.333,4,96.333,96.333,4,4,4,4,100.0,93.812,4,95.437,3,25,3,0,76.353,99.3464,2,1,fable5_first_gpt56sol_second_v1,fable_5
rasch_main_sparse_rank_mean,Equal mean of the primary Rasch and sparse-item Rasch evidence ranks,primary_rank_consensus,2,GPT-5.6 Sol (xhigh),OpenAI,gpt-5-6-sol-xhigh,gpt 5 6 sol,Provisional,96.7233,diagnostic_equal_mean_not_ranking_key,4.0,4,4,0,lower_rank_max_then_rank_min_then_stable_id,4,96.7224,4,96.7243,9,9,9,"{'rasch_equal_board': {'coding': 6, 'agentic-tool-work': 10, 'hard-reasoning': 4, 'knowledge-science': 6, 'instruction-context': 4}, 'rasch_sparse_item_sensitivity': {'coding': 7, 'agentic-tool-work': 11, 'hard-reasoning': 6, 'knowledge-science': 7, 'instruction-context': 4}}",3,95.269,3,96.7243,"{'rasch_equal_board': {'method': 'rasch_equal_board', 'rank': 4, 'score': 96.7224, 'rank_percentile': 98.0392, 'selected_slug': 'gpt-5-6-sol-xhigh', 'evidence_tier': 'Provisional', 'board_scores': {'coding': 97.936, 'agentic-tool-work': 92.905, 'hard-reasoning': 98.965, 'knowledge-science': 97.505, 'instruction-context': 96.301}, 'board_tests': {'coding': 2, 'agentic-tool-work': 2, 'hard-reasoning': 3, 'knowledge-science': 5, 'instruction-context': 3}}, 'rasch_sparse_item_sensitivity': {'method': 'rasch_sparse_item_sensitivity', 'rank': 4, 'score': 96.7243, 'rank_percentile': 98.0392, 'selected_slug': 'gpt-5-6-sol-xhigh', 'evidence_tier': 'Provisional', 'board_scores': {'coding': 97.935, 'agentic-tool-work': 92.905, 'hard-reasoning': 98.965, 'knowledge-science': 97.515, 'instruction-context': 96.301}, 'board_tests': {'coding': 2, 'agentic-tool-work': 2, 'hard-reasoning': 3, 'knowledge-science': 5, 'instruction-context': 3}}, 'twopl_equal_board': {'method': 'twopl_equal_board', 'rank': 3, 'score': 95.269, 'rank_percentile': 98.6928, 'selected_slug': 'gpt-5-6-sol-xhigh', 'evidence_tier': 'Provisional', 'board_scores': {'coding': 94.324, 'agentic-tool-work': 91.338, 'hard-reasoning': 99.535, 'knowledge-science': 97.789, 'instruction-context': 93.359}, 'board_tests': {'coding': 2, 'agentic-tool-work': 2, 'hard-reasoning': 3, 'knowledge-science': 5, 'instruction-context': 3}}, 'rasch_dense_item_sensitivity': {'method': 'rasch_dense_item_sensitivity', 'rank': 3, 'score': 96.7243, 'rank_percentile': 98.6928, 'selected_slug': 'gpt-5-6-sol-xhigh', 'evidence_tier': 'Provisional', 'board_scores': {'coding': 97.935, 'agentic-tool-work': 92.926, 'hard-reasoning': 98.965, 'knowledge-science': 97.505, 'instruction-context': 96.291}, 'board_tests': {'coding': 2, 'agentic-tool-work': 2, 'hard-reasoning': 3, 'knowledge-science': 5, 'instruction-context': 3}}}",97.936,2,97.936,97.935,2,2,6,7,30.952,94.324,2,97.935,2,92.905,2,92.905,92.905,2,2,10,11,19.091,91.338,2,92.926,2,98.965,3,98.965,98.965,3,3,4,6,62.5,99.535,3,98.965,3,97.51,5,97.505,97.515,5,5,6,7,77.381,97.789,5,97.505,5,96.301,3,96.301,96.301,3,3,4,4,75.0,93.359,3,96.291,3,15,2,2,52.985,98.0392,4,2,fable5_first_gpt56sol_second_v1,gpt_5_6_sol
rasch_main_sparse_rank_mean,Equal mean of the primary Rasch and sparse-item Rasch evidence ranks,primary_rank_consensus,3,Claude Opus 5 (max),Anthropic,claude-opus-5,claude opus 5,Provisional,97.6447,diagnostic_equal_mean_not_ranking_key,1.0,1,1,0,lower_rank_max_then_rank_min_then_stable_id,1,97.6441,1,97.6454,13,13,13,"{'rasch_equal_board': {'coding': 6, 'agentic-tool-work': 10, 'hard-reasoning': 4, 'knowledge-science': 6, 'instruction-context': 4}, 'rasch_sparse_item_sensitivity': {'coding': 7, 'agentic-tool-work': 11, 'hard-reasoning': 6, 'knowledge-science': 7, 'instruction-context': 4}}",2,95.8311,1,97.6643,"{'rasch_equal_board': {'method': 'rasch_equal_board', 'rank': 1, 'score': 97.6441, 'rank_percentile': 100.0, 'selected_slug': 'claude-opus-5', 'evidence_tier': 'Provisional', 'board_scores': {'coding': 98.306, 'agentic-tool-work': 93.597, 'hard-reasoning': 99.23, 'knowledge-science': 98.161, 'instruction-context': 98.926}, 'board_tests': {'coding': 5, 'agentic-tool-work': 5, 'hard-reasoning': 3, 'knowledge-science': 5, 'instruction-context': 2}}, 'rasch_sparse_item_sensitivity': {'method': 'rasch_sparse_item_sensitivity', 'rank': 1, 'score': 97.6454, 'rank_percentile': 100.0, 'selected_slug': 'claude-opus-5', 'evidence_tier': 'Provisional', 'board_scores': {'coding': 98.305, 'agentic-tool-work': 93.596, 'hard-reasoning': 99.23, 'knowledge-science': 98.17, 'instruction-context': 98.926}, 'board_tests': {'coding': 5, 'agentic-tool-work': 5, 'hard-reasoning': 3, 'knowledge-science': 5, 'instruction-context': 2}}, 'twopl_equal_board': {'method': 'twopl_equal_board', 'rank': 2, 'score': 95.8311, 'rank_percentile': 99.3464, 'selected_slug': 'claude-opus-5', 'evidence_tier': 'Provisional', 'board_scores': {'coding': 95.378, 'agentic-tool-work': 92.509, 'hard-reasoning': 99.678, 'knowledge-science': 98.382, 'instruction-context': 93.207}, 'board_tests': {'coding': 5, 'agentic-tool-work': 5, 'hard-reasoning': 3, 'knowledge-science': 5, 'instruction-context': 2}}, 'rasch_dense_item_sensitivity': {'method': 'rasch_dense_item_sensitivity', 'rank': 1, 'score': 97.6643, 'rank_percentile': 100.0, 'selected_slug': 'claude-opus-5', 'evidence_tier': 'Provisional', 'board_scores': {'coding': 98.501, 'agentic-tool-work': 93.507, 'hard-reasoning': 99.23, 'knowledge-science': 98.161, 'instruction-context': 98.922}, 'board_tests': {'coding': 4, 'agentic-tool-work': 5, 'hard-reasoning': 3, 'knowledge-science': 5, 'instruction-context': 2}}}",98.305,5,98.306,98.305,5,5,6,7,77.381,95.378,5,98.501,4,93.596,5,93.597,93.596,5,5,10,11,47.727,92.509,5,93.507,5,99.23,3,99.23,99.23,3,3,4,6,62.5,99.678,3,99.23,3,98.166,5,98.161,98.17,5,5,6,7,77.381,98.382,5,98.161,5,98.926,2,98.926,98.926,2,2,4,4,50.0,93.207,2,98.922,2,20,2,1,62.998,100.0,1,-2,fable5_first_gpt56sol_second_v1,
rasch_main_sparse_rank_mean,Equal mean of the primary Rasch and sparse-item Rasch evidence ranks,primary_rank_consensus,4,Kimi K3 (max),Kimi,kimi-k3,kimi k3,Provisional,96.9702,diagnostic_equal_mean_not_ranking_key,3.0,3,3,0,lower_rank_max_then_rank_min_then_stable_id,3,96.9692,3,96.9712,15,15,15,"{'rasch_equal_board': {'coding': 6, 'agentic-tool-work': 10, 'hard-reasoning': 4, 'knowledge-science': 6, 'instruction-context': 4}, 'rasch_sparse_item_sensitivity': {'coding': 7, 'agentic-tool-work': 11, 'hard-reasoning': 6, 'knowledge-science': 7, 'instruction-context': 4}}",4,95.1121,2,96.7829,"{'rasch_equal_board': {'method': 'rasch_equal_board', 'rank': 3, 'score': 96.9692, 'rank_percentile': 98.6928, 'selected_slug': 'kimi-k3', 'evidence_tier': 'Provisional', 'board_scores': {'coding': 97.137, 'agentic-tool-work': 93.64, 'hard-reasoning': 98.759, 'knowledge-science': 96.839, 'instruction-context': 98.471}, 'board_tests': {'coding': 2, 'agentic-tool-work': 8, 'hard-reasoning': 3, 'knowledge-science': 5, 'instruction-context': 3}}, 'rasch_sparse_item_sensitivity': {'method': 'rasch_sparse_item_sensitivity', 'rank': 3, 'score': 96.9712, 'rank_percentile': 98.6928, 'selected_slug': 'kimi-k3', 'evidence_tier': 'Provisional', 'board_scores': {'coding': 97.136, 'agentic-tool-work': 93.639, 'hard-reasoning': 98.759, 'knowledge-science': 96.852, 'instruction-context': 98.471}, 'board_tests': {'coding': 2, 'agentic-tool-work': 8, 'hard-reasoning': 3, 'knowledge-science': 5, 'instruction-context': 3}}, 'twopl_equal_board': {'method': 'twopl_equal_board', 'rank': 4, 'score': 95.1121, 'rank_percentile': 98.0392, 'selected_slug': 'kimi-k3', 'evidence_tier': 'Provisional', 'board_scores': {'coding': 92.59, 'agentic-tool-work': 91.897, 'hard-reasoning': 99.419, 'knowledge-science': 97.308, 'instruction-context': 94.345}, 'board_tests': {'coding': 2, 'agentic-tool-work': 8, 'hard-reasoning': 3, 'knowledge-science': 5, 'instruction-context': 3}}, 'rasch_dense_item_sensitivity': {'method': 'rasch_dense_item_sensitivity', 'rank': 2, 'score': 96.7829, 'rank_percentile': 99.3464, 'selected_slug': 'kimi-k3', 'evidence_tier': 'Provisional', 'board_scores': {'coding': 97.135, 'agentic-tool-work': 92.102, 'hard-reasoning': 98.759, 'knowledge-science': 96.839, 'instruction-context': 99.078}, 'board_tests': {'coding': 2, 'agentic-tool-work': 6, 'hard-reasoning': 3, 'knowledge-science': 5, 'instruction-context': 2}}}",97.136,2,97.137,97.136,2,2,6,7,30.952,92.59,2,97.135,2,93.639,8,93.64,93.639,8,8,10,11,76.364,91.897,8,92.102,6,98.759,3,98.759,98.759,3,3,4,6,62.5,99.419,3,98.759,3,96.846,5,96.839,96.852,5,5,6,7,77.381,97.308,5,96.839,5,98.471,3,98.471,98.471,3,3,4,4,75.0,94.345,3,99.078,2,21,2,1,64.439,98.6928,3,-1,fable5_first_gpt56sol_second_v1,
rasch_main_sparse_rank_mean,Equal mean of the primary Rasch and sparse-item Rasch evidence ranks,primary_rank_consensus,5,Muse Spark 1.2 (xhigh),Meta,muse-spark-1-2,muse spark 1 2,Provisional,95.9741,diagnostic_equal_mean_not_ranking_key,5.0,5,5,0,lower_rank_max_then_rank_min_then_stable_id,5,95.9728,5,95.9753,7,7,7,"{'rasch_equal_board': {'coding': 6, 'agentic-tool-work': 10, 'hard-reasoning': 4, 'knowledge-science': 6, 'instruction-context': 4}, 'rasch_sparse_item_sensitivity': {'coding': 7, 'agentic-tool-work': 11, 'hard-reasoning': 6, 'knowledge-science': 7, 'instruction-context': 4}}",7,93.8275,5,95.976,"{'rasch_equal_board': {'method': 'rasch_equal_board', 'rank': 5, 'score': 95.9728, 'rank_percentile': 97.3856, 'selected_slug': 'muse-spark-1-2', 'evidence_tier': 'Provisional', 'board_scores': {'coding': 95.53, 'agentic-tool-work': 91.743, 'hard-reasoning': 97.616, 'knowledge-science': 96.287, 'instruction-context': 98.688}, 'board_tests': {'coding': 2, 'agentic-tool-work': 2, 'hard-reasoning': 3, 'knowledge-science': 4, 'instruction-context': 2}}, 'rasch_sparse_item_sensitivity': {'method': 'rasch_sparse_item_sensitivity', 'rank': 5, 'score': 95.9753, 'rank_percentile': 97.3856, 'selected_slug': 'muse-spark-1-2', 'evidence_tier': 'Provisional', 'board_scores': {'coding': 95.529, 'agentic-tool-work': 91.743, 'hard-reasoning': 97.616, 'knowledge-science': 96.3, 'instruction-context': 98.688}, 'board_tests': {'coding': 2, 'agentic-tool-work': 2, 'hard-reasoning': 3, 'knowledge-science': 4, 'instruction-context': 2}}, 'twopl_equal_board': {'method': 'twopl_equal_board', 'rank': 7, 'score': 93.8275, 'rank_percentile': 96.0784, 'selected_slug': 'muse-spark-1-2', 'evidence_tier': 'Provisional', 'board_scores': {'coding': 90.421, 'agentic-tool-work': 89.387, 'hard-reasoning': 98.699, 'knowledge-science': 96.068, 'instruction-context': 94.562}, 'board_tests': {'coding': 2, 'agentic-tool-work': 2, 'hard-reasoning': 3, 'knowledge-science': 4, 'instruction-context': 2}}, 'rasch_dense_item_sensitivity': {'method': 'rasch_dense_item_sensitivity', 'rank': 5, 'score': 95.976, 'rank_percentile': 97.3856, 'selected_slug': 'muse-spark-1-2', 'evidence_tier': 'Provisional', 'board_scores': {'coding': 95.529, 'agentic-tool-work': 91.766, 'hard-reasoning': 97.616, 'knowledge-science': 96.287, 'instruction-context': 98.683}, 'board_tests': {'coding': 2, 'agentic-tool-work': 2, 'hard-reasoning': 3, 'knowledge-science': 4, 'instruction-context': 2}}}",95.529,2,95.53,95.529,2,2,6,7,30.952,90.421,2,95.529,2,91.743,2,91.743,91.743,2,2,10,11,19.091,89.387,2,91.766,2,97.616,3,97.616,97.616,3,3,4,6,62.5,98.699,3,97.616,3,96.293,4,96.287,96.3,4,4,6,7,61.905,96.068,4,96.287,4,98.688,2,98.688,98.688,2,2,4,4,50.0,94.562,2,98.683,2,13,2,3,44.89,97.3856,5,0,fable5_first_gpt56sol_second_v1,
rasch_main_sparse_rank_mean,Equal mean of the primary Rasch and sparse-item Rasch evidence ranks,primary_rank_consensus,6,GPT-5.6 Terra (max),OpenAI,gpt-5-6-terra,gpt 5 6 terra,Main,95.6346,diagnostic_equal_mean_not_ranking_key,6.5,6,7,1,lower_rank_max_then_rank_min_then_stable_id,7,95.5891,6,95.6801,14,15,14,"{'rasch_equal_board': {'coding': 6, 'agentic-tool-work': 10, 'hard-reasoning': 4, 'knowledge-science': 6, 'instruction-context': 4}, 'rasch_sparse_item_sensitivity': {'coding': 7, 'agentic-tool-work': 11, 'hard-reasoning': 6, 'knowledge-science': 7, 'instruction-context': 4}}",5,94.3656,8,95.5446,"{'rasch_equal_board': {'method': 'rasch_equal_board', 'rank': 7, 'score': 95.5891, 'rank_percentile': 96.0784, 'selected_slug': 'gpt-5-6-terra', 'evidence_tier': 'Main', 'board_scores': {'coding': 95.814, 'agentic-tool-work': 90.595, 'hard-reasoning': 98.779, 'knowledge-science': 95.845, 'instruction-context': 96.912}, 'board_tests': {'coding': 3, 'agentic-tool-work': 7, 'hard-reasoning': 3, 'knowledge-science': 5, 'instruction-context': 3}}, 'rasch_sparse_item_sensitivity': {'method': 'rasch_sparse_item_sensitivity', 'rank': 6, 'score': 95.6801, 'rank_percentile': 96.732, 'selected_slug': 'gpt-5-6-terra', 'evidence_tier': 'Main', 'board_scores': {'coding': 96.253, 'agentic-tool-work': 90.597, 'hard-reasoning': 98.779, 'knowledge-science': 95.859, 'instruction-context': 96.912}, 'board_tests': {'coding': 4, 'agentic-tool-work': 7, 'hard-reasoning': 3, 'knowledge-science': 5, 'instruction-context': 3}}, 'twopl_equal_board': {'method': 'twopl_equal_board', 'rank': 5, 'score': 94.3656, 'rank_percentile': 97.3856, 'selected_slug': 'gpt-5-6-terra', 'evidence_tier': 'Main', 'board_scores': {'coding': 92.701, 'agentic-tool-work': 88.852, 'hard-reasoning': 99.428, 'knowledge-science': 96.32, 'instruction-context': 94.526}, 'board_tests': {'coding': 3, 'agentic-tool-work': 7, 'hard-reasoning': 3, 'knowledge-science': 5, 'instruction-context': 3}}, 'rasch_dense_item_sensitivity': {'method': 'rasch_dense_item_sensitivity', 'rank': 8, 'score': 95.5446, 'rank_percentile': 95.4248, 'selected_slug': 'gpt-5-6-terra', 'evidence_tier': 'Main', 'board_scores': {'coding': 95.799, 'agentic-tool-work': 90.397, 'hard-reasoning': 98.779, 'knowledge-science': 95.845, 'instruction-context': 96.903}, 'board_tests': {'coding': 3, 'agentic-tool-work': 5, 'hard-reasoning': 3, 'knowledge-science': 5, 'instruction-context': 3}}}",96.034,3,95.814,96.253,3,4,6,7,53.571,92.701,3,95.799,3,90.596,7,90.595,90.597,7,7,10,11,66.818,88.852,7,90.397,5,98.779,3,98.779,98.779,3,3,4,6,62.5,99.428,3,98.779,3,95.852,5,95.845,95.859,5,5,6,7,77.381,96.32,5,95.845,5,96.912,3,96.912,96.912,3,3,4,4,75.0,94.526,3,96.903,3,21,3,0,67.054,96.4052,6,0,fable5_first_gpt56sol_second_v1,
rasch_main_sparse_rank_mean,Equal mean of the primary Rasch and sparse-item Rasch evidence ranks,primary_rank_consensus,7,Muse Spark 1.1 (xhigh),Meta,muse-spark-1-1,muse spark 1 1,Provisional,95.6257,diagnostic_equal_mean_not_ranking_key,6.5,6,7,1,lower_rank_max_then_rank_min_then_stable_id,6,95.6246,7,95.6268,7,7,7,"{'rasch_equal_board': {'coding': 6, 'agentic-tool-work': 10, 'hard-reasoning': 4, 'knowledge-science': 6, 'instruction-context': 4}, 'rasch_sparse_item_sensitivity': {'coding': 7, 'agentic-tool-work': 11, 'hard-reasoning': 6, 'knowledge-science': 7, 'instruction-context': 4}}",11,93.2923,6,95.6278,"{'rasch_equal_board': {'method': 'rasch_equal_board', 'rank': 6, 'score': 95.6246, 'rank_percentile': 96.732, 'selected_slug': 'muse-spark-1-1', 'evidence_tier': 'Provisional', 'board_scores': {'coding': 95.26, 'agentic-tool-work': 90.606, 'hard-reasoning': 97.188, 'knowledge-science': 96.957, 'instruction-context': 98.112}, 'board_tests': {'coding': 2, 'agentic-tool-work': 2, 'hard-reasoning': 3, 'knowledge-science': 4, 'instruction-context': 2}}, 'rasch_sparse_item_sensitivity': {'method': 'rasch_sparse_item_sensitivity', 'rank': 7, 'score': 95.6268, 'rank_percentile': 96.0784, 'selected_slug': 'muse-spark-1-1', 'evidence_tier': 'Provisional', 'board_scores': {'coding': 95.259, 'agentic-tool-work': 90.605, 'hard-reasoning': 97.188, 'knowledge-science': 96.969, 'instruction-context': 98.112}, 'board_tests': {'coding': 2, 'agentic-tool-work': 2, 'hard-reasoning': 3, 'knowledge-science': 4, 'instruction-context': 2}}, 'twopl_equal_board': {'method': 'twopl_equal_board', 'rank': 11, 'score': 93.2923, 'rank_percentile': 93.4641, 'selected_slug': 'muse-spark-1-1', 'evidence_tier': 'Provisional', 'board_scores': {'coding': 89.725, 'agentic-tool-work': 88.305, 'hard-reasoning': 98.407, 'knowledge-science': 96.648, 'instruction-context': 93.376}, 'board_tests': {'coding': 2, 'agentic-tool-work': 2, 'hard-reasoning': 3, 'knowledge-science': 4, 'instruction-context': 2}}, 'rasch_dense_item_sensitivity': {'method': 'rasch_dense_item_sensitivity', 'rank': 6, 'score': 95.6278, 'rank_percentile': 96.732, 'selected_slug': 'muse-spark-1-1', 'evidence_tier': 'Provisional', 'board_scores': {'coding': 95.259, 'agentic-tool-work': 90.629, 'hard-reasoning': 97.188, 'knowledge-science': 96.957, 'instruction-context': 98.106}, 'board_tests': {'coding': 2, 'agentic-tool-work': 2, 'hard-reasoning': 3, 'knowledge-science': 4, 'instruction-context': 2}}}",95.26,2,95.26,95.259,2,2,6,7,30.952,89.725,2,95.259,2,90.606,2,90.606,90.605,2,2,10,11,19.091,88.305,2,90.629,2,97.188,3,97.188,97.188,3,3,4,6,62.5,98.407,3,97.188,3,96.963,4,96.957,96.969,4,4,6,7,61.905,96.648,4,96.957,4,98.112,2,98.112,98.112,2,2,4,4,50.0,93.376,2,98.106,2,13,2,3,44.89,96.4052,7,0,fable5_first_gpt56sol_second_v1,
rasch_main_sparse_rank_mean,Equal mean of the primary Rasch and sparse-item Rasch evidence ranks,primary_rank_consensus,8,GPT-5.5 (high),OpenAI,gpt-5-5-high,gpt 5 5,Provisional,95.5646,diagnostic_equal_mean_not_ranking_key,8.0,8,8,0,lower_rank_max_then_rank_min_then_stable_id,8,95.5636,8,95.5656,9,9,9,"{'rasch_equal_board': {'coding': 6, 'agentic-tool-work': 10, 'hard-reasoning': 4, 'knowledge-science': 6, 'instruction-context': 4}, 'rasch_sparse_item_sensitivity': {'coding': 7, 'agentic-tool-work': 11, 'hard-reasoning': 6, 'knowledge-science': 7, 'instruction-context': 4}}",6,93.8304,7,95.5661,"{'rasch_equal_board': {'method': 'rasch_equal_board', 'rank': 8, 'score': 95.5636, 'rank_percentile': 95.4248, 'selected_slug': 'gpt-5-5-high', 'evidence_tier': 'Provisional', 'board_scores': {'coding': 95.236, 'agentic-tool-work': 90.352, 'hard-reasoning': 98.744, 'knowledge-science': 97.128, 'instruction-context': 96.359}, 'board_tests': {'coding': 2, 'agentic-tool-work': 2, 'hard-reasoning': 3, 'knowledge-science': 5, 'instruction-context': 3}}, 'rasch_sparse_item_sensitivity': {'method': 'rasch_sparse_item_sensitivity', 'rank': 8, 'score': 95.5656, 'rank_percentile': 95.4248, 'selected_slug': 'gpt-5-5-high', 'evidence_tier': 'Provisional', 'board_scores': {'coding': 95.235, 'agentic-tool-work': 90.351, 'hard-reasoning': 98.744, 'knowledge-science': 97.14, 'instruction-context': 96.359}, 'board_tests': {'coding': 2, 'agentic-tool-work': 2, 'hard-reasoning': 3, 'knowledge-science': 5, 'instruction-context': 3}}, 'twopl_equal_board': {'method': 'twopl_equal_board', 'rank': 6, 'score': 93.8304, 'rank_percentile': 96.732, 'selected_slug': 'gpt-5-5-high', 'evidence_tier': 'Provisional', 'board_scores': {'coding': 90.078, 'agentic-tool-work': 88.262, 'hard-reasoning': 99.409, 'knowledge-science': 97.476, 'instruction-context': 93.927}, 'board_tests': {'coding': 2, 'agentic-tool-work': 2, 'hard-reasoning': 3, 'knowledge-science': 5, 'instruction-context': 3}}, 'rasch_dense_item_sensitivity': {'method': 'rasch_dense_item_sensitivity', 'rank': 7, 'score': 95.5661, 'rank_percentile': 96.0784, 'selected_slug': 'gpt-5-5-high', 'evidence_tier': 'Provisional', 'board_scores': {'coding': 95.235, 'agentic-tool-work': 90.376, 'hard-reasoning': 98.744, 'knowledge-science': 97.128, 'instruction-context': 96.349}, 'board_tests': {'coding': 2, 'agentic-tool-work': 2, 'hard-reasoning': 3, 'knowledge-science': 5, 'instruction-context': 3}}}",95.236,2,95.236,95.235,2,2,6,7,30.952,90.078,2,95.235,2,90.352,2,90.352,90.351,2,2,10,11,19.091,88.262,2,90.376,2,98.744,3,98.744,98.744,3,3,4,6,62.5,99.409,3,98.744,3,97.134,5,97.128,97.14,5,5,6,7,77.381,97.476,5,97.128,5,96.359,3,96.359,96.359,3,3,4,4,75.0,93.927,3,96.349,3,15,2,2,52.985,95.4248,8,0,fable5_first_gpt56sol_second_v1,
rasch_main_sparse_rank_mean,Equal mean of the primary Rasch and sparse-item Rasch evidence ranks,primary_rank_consensus,9,Qwen3.8 Max,Alibaba,qwen3-8-max,qwen3 8 max,Main,95.2048,diagnostic_equal_mean_not_ranking_key,9.0,9,9,0,lower_rank_max_then_rank_min_then_stable_id,9,95.2594,9,95.1502,14,15,14,"{'rasch_equal_board': {'coding': 6, 'agentic-tool-work': 10, 'hard-reasoning': 4, 'knowledge-science': 6, 'instruction-context': 4}, 'rasch_sparse_item_sensitivity': {'coding': 7, 'agentic-tool-work': 11, 'hard-reasoning': 6, 'knowledge-science': 7, 'instruction-context': 4}}",8,93.5447,9,95.0476,"{'rasch_equal_board': {'method': 'rasch_equal_board', 'rank': 9, 'score': 95.2594, 'rank_percentile': 94.7712, 'selected_slug': 'qwen3-8-max', 'evidence_tier': 'Main', 'board_scores': {'coding': 94.655, 'agentic-tool-work': 90.89, 'hard-reasoning': 98.177, 'knowledge-science': 94.608, 'instruction-context': 97.966}, 'board_tests': {'coding': 3, 'agentic-tool-work': 7, 'hard-reasoning': 3, 'knowledge-science': 5, 'instruction-context': 3}}, 'rasch_sparse_item_sensitivity': {'method': 'rasch_sparse_item_sensitivity', 'rank': 9, 'score': 95.1502, 'rank_percentile': 94.7712, 'selected_slug': 'qwen3-8-max', 'evidence_tier': 'Main', 'board_scores': {'coding': 94.084, 'agentic-tool-work': 90.899, 'hard-reasoning': 98.177, 'knowledge-science': 94.625, 'instruction-context': 97.966}, 'board_tests': {'coding': 4, 'agentic-tool-work': 7, 'hard-reasoning': 3, 'knowledge-science': 5, 'instruction-context': 3}}, 'twopl_equal_board': {'method': 'twopl_equal_board', 'rank': 8, 'score': 93.5447, 'rank_percentile': 95.4248, 'selected_slug': 'qwen3-8-max', 'evidence_tier': 'Main', 'board_scores': {'coding': 90.575, 'agentic-tool-work': 89.882, 'hard-reasoning': 99.066, 'knowledge-science': 95.284, 'instruction-context': 92.917}, 'board_tests': {'coding': 3, 'agentic-tool-work': 7, 'hard-reasoning': 3, 'knowledge-science': 5, 'instruction-context': 3}}, 'rasch_dense_item_sensitivity': {'method': 'rasch_dense_item_sensitivity', 'rank': 9, 'score': 95.0476, 'rank_percentile': 94.7712, 'selected_slug': 'qwen3-8-max', 'evidence_tier': 'Provisional', 'board_scores': {'coding': 94.638, 'agentic-tool-work': 89.861, 'hard-reasoning': 98.177, 'knowledge-science': 94.608, 'instruction-context': 97.954}, 'board_tests': {'coding': 3, 'agentic-tool-work': 5, 'hard-reasoning': 3, 'knowledge-science': 5, 'instruction-context': 2}}}",94.37,3,94.655,94.084,3,4,6,7,53.571,90.575,3,94.638,3,90.894,7,90.89,90.899,7,7,10,11,66.818,89.882,7,89.861,5,98.177,3,98.177,98.177,3,3,4,6,62.5,99.066,3,98.177,3,94.617,5,94.608,94.625,5,5,6,7,77.381,95.284,5,94.608,5,97.966,3,97.966,97.966,3,3,4,4,75.0,92.917,3,97.954,2,21,3,0,67.054,94.7712,9,0,fable5_first_gpt56sol_second_v1,
rasch_main_sparse_rank_mean,Equal mean of the primary Rasch and sparse-item Rasch evidence ranks,primary_rank_consensus,10,Claude Opus 4.8 (max),Anthropic,claude-opus-4-8,claude opus 4 8,Main,94.999,diagnostic_equal_mean_not_ranking_key,10.0,10,10,0,lower_rank_max_then_rank_min_then_stable_id,10,94.9981,10,95.0,16,16,16,"{'rasch_equal_board': {'coding': 6, 'agentic-tool-work': 10, 'hard-reasoning': 4, 'knowledge-science': 6, 'instruction-context': 4}, 'rasch_sparse_item_sensitivity': {'coding': 7, 'agentic-tool-work': 11, 'hard-reasoning': 6, 'knowledge-science': 7, 'instruction-context': 4}}",9,93.4571,12,94.6667,"{'rasch_equal_board': {'method': 'rasch_equal_board', 'rank': 10, 'score': 94.9981, 'rank_percentile': 94.1176, 'selected_slug': 'claude-opus-4-8', 'evidence_tier': 'Main', 'board_scores': {'coding': 95.686, 'agentic-tool-work': 90.588, 'hard-reasoning': 98.414, 'knowledge-science': 97.052, 'instruction-context': 93.25}, 'board_tests': {'coding': 3, 'agentic-tool-work': 9, 'hard-reasoning': 3, 'knowledge-science': 4, 'instruction-context': 4}}, 'rasch_sparse_item_sensitivity': {'method': 'rasch_sparse_item_sensitivity', 'rank': 10, 'score': 95.0, 'rank_percentile': 94.1176, 'selected_slug': 'claude-opus-4-8', 'evidence_tier': 'Main', 'board_scores': {'coding': 95.685, 'agentic-tool-work': 90.587, 'hard-reasoning': 98.414, 'knowledge-science': 97.064, 'instruction-context': 93.25}, 'board_tests': {'coding': 3, 'agentic-tool-work': 9, 'hard-reasoning': 3, 'knowledge-science': 4, 'instruction-context': 4}}, 'twopl_equal_board': {'method': 'twopl_equal_board', 'rank': 9, 'score': 93.4571, 'rank_percentile': 94.7712, 'selected_slug': 'claude-opus-4-8', 'evidence_tier': 'Main', 'board_scores': {'coding': 91.954, 'agentic-tool-work': 89.268, 'hard-reasoning': 99.214, 'knowledge-science': 96.897, 'instruction-context': 89.953}, 'board_tests': {'coding': 3, 'agentic-tool-work': 9, 'hard-reasoning': 3, 'knowledge-science': 4, 'instruction-context': 4}}, 'rasch_dense_item_sensitivity': {'method': 'rasch_dense_item_sensitivity', 'rank': 12, 'score': 94.6667, 'rank_percentile': 92.8105, 'selected_slug': 'claude-opus-4-8', 'evidence_tier': 'Main', 'board_scores': {'coding': 95.671, 'agentic-tool-work': 88.992, 'hard-reasoning': 98.414, 'knowledge-science': 97.052, 'instruction-context': 93.205}, 'board_tests': {'coding': 3, 'agentic-tool-work': 7, 'hard-reasoning': 3, 'knowledge-science': 4, 'instruction-context': 3}}}",95.686,3,95.686,95.685,3,3,6,7,46.429,91.954,3,95.671,3,90.588,9,90.588,90.587,9,9,10,11,85.909,89.268,9,88.992,7,98.414,3,98.414,98.414,3,3,4,6,62.5,99.214,3,98.414,3,97.058,4,97.052,97.064,4,4,6,7,61.905,96.897,4,97.052,4,93.25,4,93.25,93.25,4,4,4,4,100.0,89.953,4,93.205,3,23,3,0,71.348,94.1176,10,0,fable5_first_gpt56sol_second_v1,
rasch_main_sparse_rank_mean,Equal mean of the primary Rasch and sparse-item Rasch evidence ranks,primary_rank_consensus,11,Gemini 3.5 Flash,Google,gemini-3-5-flash,gemini 3 5 flash,Provisional,94.8074,diagnostic_equal_mean_not_ranking_key,11.5,11,12,1,lower_rank_max_then_rank_min_then_stable_id,12,94.8063,11,94.8086,9,9,9,"{'rasch_equal_board': {'coding': 6, 'agentic-tool-work': 10, 'hard-reasoning': 4, 'knowledge-science': 6, 'instruction-context': 4}, 'rasch_sparse_item_sensitivity': {'coding': 7, 'agentic-tool-work': 11, 'hard-reasoning': 6, 'knowledge-science': 7, 'instruction-context': 4}}",10,93.3127,11,94.8085,"{'rasch_equal_board': {'method': 'rasch_equal_board', 'rank': 12, 'score': 94.8063, 'rank_percentile': 92.8105, 'selected_slug': 'gemini-3-5-flash', 'evidence_tier': 'Provisional', 'board_scores': {'coding': 94.463, 'agentic-tool-work': 90.702, 'hard-reasoning': 97.168, 'knowledge-science': 96.522, 'instruction-context': 95.176}, 'board_tests': {'coding': 2, 'agentic-tool-work': 2, 'hard-reasoning': 3, 'knowledge-science': 5, 'instruction-context': 3}}, 'rasch_sparse_item_sensitivity': {'method': 'rasch_sparse_item_sensitivity', 'rank': 11, 'score': 94.8086, 'rank_percentile': 93.4641, 'selected_slug': 'gemini-3-5-flash', 'evidence_tier': 'Provisional', 'board_scores': {'coding': 94.462, 'agentic-tool-work': 90.702, 'hard-reasoning': 97.168, 'knowledge-science': 96.535, 'instruction-context': 95.176}, 'board_tests': {'coding': 2, 'agentic-tool-work': 2, 'hard-reasoning': 3, 'knowledge-science': 5, 'instruction-context': 3}}, 'twopl_equal_board': {'method': 'twopl_equal_board', 'rank': 10, 'score': 93.3127, 'rank_percentile': 94.1176, 'selected_slug': 'gemini-3-5-flash', 'evidence_tier': 'Provisional', 'board_scores': {'coding': 89.498, 'agentic-tool-work': 88.449, 'hard-reasoning': 98.396, 'knowledge-science': 96.805, 'instruction-context': 93.416}, 'board_tests': {'coding': 2, 'agentic-tool-work': 2, 'hard-reasoning': 3, 'knowledge-science': 5, 'instruction-context': 3}}, 'rasch_dense_item_sensitivity': {'method': 'rasch_dense_item_sensitivity', 'rank': 11, 'score': 94.8085, 'rank_percentile': 93.4641, 'selected_slug': 'gemini-3-5-flash', 'evidence_tier': 'Provisional', 'board_scores': {'coding': 94.462, 'agentic-tool-work': 90.726, 'hard-reasoning': 97.168, 'knowledge-science': 96.522, 'instruction-context': 95.164}, 'board_tests': {'coding': 2, 'agentic-tool-work': 2, 'hard-reasoning': 3, 'knowledge-science': 5, 'instruction-context': 3}}}",94.463,2,94.463,94.462,2,2,6,7,30.952,89.498,2,94.462,2,90.702,2,90.702,90.702,2,2,10,11,19.091,88.449,2,90.726,2,97.168,3,97.168,97.168,3,3,4,6,62.5,98.396,3,97.168,3,96.529,5,96.522,96.535,5,5,6,7,77.381,96.805,5,96.522,5,95.176,3,95.176,95.176,3,3,4,4,75.0,93.416,3,95.164,3,15,2,2,52.985,93.1373,11,0,fable5_first_gpt56sol_second_v1,
rasch_main_sparse_rank_mean,Equal mean of the primary Rasch and sparse-item Rasch evidence ranks,primary_rank_consensus,12,Grok 4.5 (high),SpaceXAI,grok-4-5,grok 4 5,Provisional,94.8507,diagnostic_equal_mean_not_ranking_key,12.0,11,13,2,lower_rank_max_then_rank_min_then_stable_id,11,94.9442,13,94.7571,9,10,9,"{'rasch_equal_board': {'coding': 6, 'agentic-tool-work': 10, 'hard-reasoning': 4, 'knowledge-science': 6, 'instruction-context': 4}, 'rasch_sparse_item_sensitivity': {'coding': 7, 'agentic-tool-work': 11, 'hard-reasoning': 6, 'knowledge-science': 7, 'instruction-context': 4}}",13,92.8581,10,94.9378,"{'rasch_equal_board': {'method': 'rasch_equal_board', 'rank': 11, 'score': 94.9442, 'rank_percentile': 93.4641, 'selected_slug': 'grok-4-5', 'evidence_tier': 'Provisional', 'board_scores': {'coding': 94.44, 'agentic-tool-work': 89.05, 'hard-reasoning': 97.764, 'knowledge-science': 96.356, 'instruction-context': 97.111}, 'board_tests': {'coding': 3, 'agentic-tool-work': 3, 'hard-reasoning': 3, 'knowledge-science': 5, 'instruction-context': 2}}, 'rasch_sparse_item_sensitivity': {'method': 'rasch_sparse_item_sensitivity', 'rank': 13, 'score': 94.7571, 'rank_percentile': 92.1569, 'selected_slug': 'grok-4-5', 'evidence_tier': 'Provisional', 'board_scores': {'coding': 93.491, 'agentic-tool-work': 89.05, 'hard-reasoning': 97.764, 'knowledge-science': 96.37, 'instruction-context': 97.111}, 'board_tests': {'coding': 4, 'agentic-tool-work': 3, 'hard-reasoning': 3, 'knowledge-science': 5, 'instruction-context': 2}}, 'twopl_equal_board': {'method': 'twopl_equal_board', 'rank': 13, 'score': 92.8581, 'rank_percentile': 92.1569, 'selected_slug': 'grok-4-5', 'evidence_tier': 'Provisional', 'board_scores': {'coding': 90.457, 'agentic-tool-work': 87.843, 'hard-reasoning': 98.8, 'knowledge-science': 96.797, 'instruction-context': 90.393}, 'board_tests': {'coding': 3, 'agentic-tool-work': 3, 'hard-reasoning': 3, 'knowledge-science': 5, 'instruction-context': 2}}, 'rasch_dense_item_sensitivity': {'method': 'rasch_dense_item_sensitivity', 'rank': 10, 'score': 94.9378, 'rank_percentile': 94.1176, 'selected_slug': 'grok-4-5', 'evidence_tier': 'Provisional', 'board_scores': {'coding': 94.422, 'agentic-tool-work': 89.044, 'hard-reasoning': 97.764, 'knowledge-science': 96.356, 'instruction-context': 97.103}, 'board_tests': {'coding': 3, 'agentic-tool-work': 3, 'hard-reasoning': 3, 'knowledge-science': 5, 'instruction-context': 2}}}",93.965,3,94.44,93.491,3,4,6,7,53.571,90.457,3,94.422,3,89.05,3,89.05,89.05,3,3,10,11,28.636,87.843,3,89.044,3,97.764,3,97.764,97.764,3,3,4,6,62.5,98.8,3,97.764,3,96.363,5,96.356,96.37,5,5,6,7,77.381,96.797,5,96.356,5,97.111,2,97.111,97.111,2,2,4,4,50.0,90.393,2,97.103,2,16,2,1,54.418,92.8105,12,0,fable5_first_gpt56sol_second_v1,
rasch_main_sparse_rank_mean,Equal mean of the primary Rasch and sparse-item Rasch evidence ranks,primary_rank_consensus,13,Claude Sonnet 5 (max),Anthropic,claude-sonnet-5,claude sonnet 5,Provisional,94.7338,diagnostic_equal_mean_not_ranking_key,13.5,13,14,1,lower_rank_max_then_rank_min_then_stable_id,13,94.7319,14,94.7358,12,12,12,"{'rasch_equal_board': {'coding': 6, 'agentic-tool-work': 10, 'hard-reasoning': 4, 'knowledge-science': 6, 'instruction-context': 4}, 'rasch_sparse_item_sensitivity': {'coding': 7, 'agentic-tool-work': 11, 'hard-reasoning': 6, 'knowledge-science': 7, 'instruction-context': 4}}",12,92.9327,15,94.3382,"{'rasch_equal_board': {'method': 'rasch_equal_board', 'rank': 13, 'score': 94.7319, 'rank_percentile': 92.1569, 'selected_slug': 'claude-sonnet-5', 'evidence_tier': 'Provisional', 'board_scores': {'coding': 93.871, 'agentic-tool-work': 90.604, 'hard-reasoning': 97.347, 'knowledge-science': 94.022, 'instruction-context': 97.815}, 'board_tests': {'coding': 3, 'agentic-tool-work': 6, 'hard-reasoning': 3, 'knowledge-science': 5, 'instruction-context': 2}}, 'rasch_sparse_item_sensitivity': {'method': 'rasch_sparse_item_sensitivity', 'rank': 14, 'score': 94.7358, 'rank_percentile': 91.5033, 'selected_slug': 'claude-sonnet-5', 'evidence_tier': 'Provisional', 'board_scores': {'coding': 93.87, 'agentic-tool-work': 90.609, 'hard-reasoning': 97.347, 'knowledge-science': 94.039, 'instruction-context': 97.815}, 'board_tests': {'coding': 3, 'agentic-tool-work': 6, 'hard-reasoning': 3, 'knowledge-science': 5, 'instruction-context': 2}}, 'twopl_equal_board': {'method': 'twopl_equal_board', 'rank': 12, 'score': 92.9327, 'rank_percentile': 92.8105, 'selected_slug': 'claude-sonnet-5', 'evidence_tier': 'Provisional', 'board_scores': {'coding': 89.858, 'agentic-tool-work': 89.667, 'hard-reasoning': 98.515, 'knowledge-science': 94.687, 'instruction-context': 91.937}, 'board_tests': {'coding': 3, 'agentic-tool-work': 6, 'hard-reasoning': 3, 'knowledge-science': 5, 'instruction-context': 2}}, 'rasch_dense_item_sensitivity': {'method': 'rasch_dense_item_sensitivity', 'rank': 15, 'score': 94.3382, 'rank_percentile': 90.8497, 'selected_slug': 'claude-sonnet-5', 'evidence_tier': 'Provisional', 'board_scores': {'coding': 93.852, 'agentic-tool-work': 88.663, 'hard-reasoning': 97.347, 'knowledge-science': 94.022, 'instruction-context': 97.808}, 'board_tests': {'coding': 3, 'agentic-tool-work': 4, 'hard-reasoning': 3, 'knowledge-science': 5, 'instruction-context': 2}}}",93.87,3,93.871,93.87,3,3,6,7,46.429,89.858,3,93.852,3,90.606,6,90.604,90.609,6,6,10,11,57.273,89.667,6,88.663,4,97.347,3,97.347,97.347,3,3,4,6,62.5,98.515,3,97.347,3,94.031,5,94.022,94.039,5,5,6,7,77.381,94.687,5,94.022,5,97.815,2,97.815,97.815,2,2,4,4,50.0,91.937,2,97.808,2,19,2,1,58.716,91.8301,13,0,fable5_first_gpt56sol_second_v1,
rasch_main_sparse_rank_mean,Equal mean of the primary Rasch and sparse-item Rasch evidence ranks,primary_rank_consensus,14,GPT-5.6 Luna (max),OpenAI,gpt-5-6-luna,gpt 5 6 luna,Provisional,94.682,diagnostic_equal_mean_not_ranking_key,13.5,12,15,3,lower_rank_max_then_rank_min_then_stable_id,15,94.5928,12,94.7711,13,14,13,"{'rasch_equal_board': {'coding': 6, 'agentic-tool-work': 10, 'hard-reasoning': 4, 'knowledge-science': 6, 'instruction-context': 4}, 'rasch_sparse_item_sensitivity': {'coding': 7, 'agentic-tool-work': 11, 'hard-reasoning': 6, 'knowledge-science': 7, 'instruction-context': 4}}",15,92.7557,14,94.5102,"{'rasch_equal_board': {'method': 'rasch_equal_board', 'rank': 15, 'score': 94.5928, 'rank_percentile': 90.8497, 'selected_slug': 'gpt-5-6-luna', 'evidence_tier': 'Provisional', 'board_scores': {'coding': 93.722, 'agentic-tool-work': 88.912, 'hard-reasoning': 97.659, 'knowledge-science': 94.209, 'instruction-context': 98.463}, 'board_tests': {'coding': 3, 'agentic-tool-work': 7, 'hard-reasoning': 3, 'knowledge-science': 5, 'instruction-context': 2}}, 'rasch_sparse_item_sensitivity': {'method': 'rasch_sparse_item_sensitivity', 'rank': 12, 'score': 94.7711, 'rank_percentile': 92.8105, 'selected_slug': 'gpt-5-6-luna', 'evidence_tier': 'Provisional', 'board_scores': {'coding': 94.595, 'agentic-tool-work': 88.913, 'hard-reasoning': 97.659, 'knowledge-science': 94.226, 'instruction-context': 98.463}, 'board_tests': {'coding': 4, 'agentic-tool-work': 7, 'hard-reasoning': 3, 'knowledge-science': 5, 'instruction-context': 2}}, 'twopl_equal_board': {'method': 'twopl_equal_board', 'rank': 15, 'score': 92.7557, 'rank_percentile': 90.8497, 'selected_slug': 'gpt-5-6-luna', 'evidence_tier': 'Provisional', 'board_scores': {'coding': 89.847, 'agentic-tool-work': 87.362, 'hard-reasoning': 98.724, 'knowledge-science': 94.772, 'instruction-context': 93.074}, 'board_tests': {'coding': 3, 'agentic-tool-work': 7, 'hard-reasoning': 3, 'knowledge-science': 5, 'instruction-context': 2}}, 'rasch_dense_item_sensitivity': {'method': 'rasch_dense_item_sensitivity', 'rank': 14, 'score': 94.5102, 'rank_percentile': 91.5033, 'selected_slug': 'gpt-5-6-luna', 'evidence_tier': 'Provisional', 'board_scores': {'coding': 93.703, 'agentic-tool-work': 88.524, 'hard-reasoning': 97.659, 'knowledge-science': 94.209, 'instruction-context': 98.457}, 'board_tests': {'coding': 3, 'agentic-tool-work': 5, 'hard-reasoning': 3, 'knowledge-science': 5, 'instruction-context': 2}}}",94.159,3,93.722,94.595,3,4,6,7,53.571,89.847,3,93.703,3,88.912,7,88.912,88.913,7,7,10,11,66.818,87.362,7,88.524,5,97.659,3,97.659,97.659,3,3,4,6,62.5,98.724,3,97.659,3,94.218,5,94.209,94.226,5,5,6,7,77.381,94.772,5,94.209,5,98.463,2,98.463,98.463,2,2,4,4,50.0,93.074,2,98.457,2,20,2,1,62.054,91.8301,14,0,fable5_first_gpt56sol_second_v1,
rasch_main_sparse_rank_mean,Equal mean of the primary Rasch and sparse-item Rasch evidence ranks,primary_rank_consensus,15,DeepSeek V4 Flash 0731 (max),DeepSeek,deepseek-v4-flash,deepseek v4 flash 0731,Provisional,94.7004,diagnostic_equal_mean_not_ranking_key,14.5,14,15,1,lower_rank_max_then_rank_min_then_stable_id,14,94.6983,15,94.7025,9,9,9,"{'rasch_equal_board': {'coding': 6, 'agentic-tool-work': 10, 'hard-reasoning': 4, 'knowledge-science': 6, 'instruction-context': 4}, 'rasch_sparse_item_sensitivity': {'coding': 7, 'agentic-tool-work': 11, 'hard-reasoning': 6, 'knowledge-science': 7, 'instruction-context': 4}}",16,92.3451,13,94.5438,"{'rasch_equal_board': {'method': 'rasch_equal_board', 'rank': 14, 'score': 94.6983, 'rank_percentile': 91.5033, 'selected_slug': 'deepseek-v4-flash', 'evidence_tier': 'Provisional', 'board_scores': {'coding': 93.754, 'agentic-tool-work': 91.058, 'hard-reasoning': 96.998, 'knowledge-science': 94.282, 'instruction-context': 97.4}, 'board_tests': {'coding': 2, 'agentic-tool-work': 4, 'hard-reasoning': 3, 'knowledge-science': 4, 'instruction-context': 2}}, 'rasch_sparse_item_sensitivity': {'method': 'rasch_sparse_item_sensitivity', 'rank': 15, 'score': 94.7025, 'rank_percentile': 90.8497, 'selected_slug': 'deepseek-v4-flash', 'evidence_tier': 'Provisional', 'board_scores': {'coding': 93.752, 'agentic-tool-work': 91.064, 'hard-reasoning': 96.997, 'knowledge-science': 94.299, 'instruction-context': 97.4}, 'board_tests': {'coding': 2, 'agentic-tool-work': 4, 'hard-reasoning': 3, 'knowledge-science': 4, 'instruction-context': 2}}, 'twopl_equal_board': {'method': 'twopl_equal_board', 'rank': 16, 'score': 92.3451, 'rank_percentile': 90.1961, 'selected_slug': 'deepseek-v4-flash', 'evidence_tier': 'Provisional', 'board_scores': {'coding': 89.162, 'agentic-tool-work': 89.354, 'hard-reasoning': 98.269, 'knowledge-science': 94.153, 'instruction-context': 90.787}, 'board_tests': {'coding': 2, 'agentic-tool-work': 4, 'hard-reasoning': 3, 'knowledge-science': 4, 'instruction-context': 2}}, 'rasch_dense_item_sensitivity': {'method': 'rasch_dense_item_sensitivity', 'rank': 13, 'score': 94.5438, 'rank_percentile': 92.1569, 'selected_slug': 'deepseek-v4-flash', 'evidence_tier': 'Provisional', 'board_scores': {'coding': 93.753, 'agentic-tool-work': 90.295, 'hard-reasoning': 96.998, 'knowledge-science': 94.282, 'instruction-context': 97.392}, 'board_tests': {'coding': 2, 'agentic-tool-work': 3, 'hard-reasoning': 3, 'knowledge-science': 4, 'instruction-context': 2}}}",93.753,2,93.754,93.752,2,2,6,7,30.952,89.162,2,93.753,2,91.061,4,91.058,91.064,4,4,10,11,38.182,89.354,4,90.295,3,96.998,3,96.998,96.997,3,3,4,6,62.5,98.269,3,96.998,3,94.291,4,94.282,94.299,4,4,6,7,61.905,94.153,4,94.282,4,97.4,2,97.4,97.4,2,2,4,4,50.0,90.787,2,97.392,2,15,2,2,48.708,91.1765,15,0,fable5_first_gpt56sol_second_v1,
rasch_main_sparse_rank_mean,Equal mean of the primary Rasch and sparse-item Rasch evidence ranks,primary_rank_consensus,16,GPT-5.4 (xhigh),OpenAI,gpt-5-4,gpt 5 4,Main,94.2152,diagnostic_equal_mean_not_ranking_key,16.0,16,16,0,lower_rank_max_then_rank_min_then_stable_id,16,94.1702,16,94.2603,13,16,13,"{'rasch_equal_board': {'coding': 6, 'agentic-tool-work': 10, 'hard-reasoning': 4, 'knowledge-science': 6, 'instruction-context': 4}, 'rasch_sparse_item_sensitivity': {'coding': 7, 'agentic-tool-work': 11, 'hard-reasoning': 6, 'knowledge-science': 7, 'instruction-context': 4}}",14,92.7802,16,94.225,"{'rasch_equal_board': {'method': 'rasch_equal_board', 'rank': 16, 'score': 94.1702, 'rank_percentile': 90.1961, 'selected_slug': 'gpt-5-4', 'evidence_tier': 'Main', 'board_scores': {'coding': 92.889, 'agentic-tool-work': 87.382, 'hard-reasoning': 98.353, 'knowledge-science': 96.038, 'instruction-context': 96.189}, 'board_tests': {'coding': 3, 'agentic-tool-work': 6, 'hard-reasoning': 3, 'knowledge-science': 5, 'instruction-context': 3}}, 'rasch_sparse_item_sensitivity': {'method': 'rasch_sparse_item_sensitivity', 'rank': 16, 'score': 94.2603, 'rank_percentile': 90.1961, 'selected_slug': 'gpt-5-4', 'evidence_tier': 'Main', 'board_scores': {'coding': 92.887, 'agentic-tool-work': 87.695, 'hard-reasoning': 98.477, 'knowledge-science': 96.052, 'instruction-context': 96.189}, 'board_tests': {'coding': 3, 'agentic-tool-work': 7, 'hard-reasoning': 5, 'knowledge-science': 5, 'instruction-context': 3}}, 'twopl_equal_board': {'method': 'twopl_equal_board', 'rank': 14, 'score': 92.7802, 'rank_percentile': 91.5033, 'selected_slug': 'gpt-5-4', 'evidence_tier': 'Main', 'board_scores': {'coding': 88.701, 'agentic-tool-work': 86.024, 'hard-reasoning': 99.174, 'knowledge-science': 96.502, 'instruction-context': 93.499}, 'board_tests': {'coding': 3, 'agentic-tool-work': 6, 'hard-reasoning': 3, 'knowledge-science': 5, 'instruction-context': 3}}, 'rasch_dense_item_sensitivity': {'method': 'rasch_dense_item_sensitivity', 'rank': 16, 'score': 94.225, 'rank_percentile': 90.1961, 'selected_slug': 'gpt-5-4', 'evidence_tier': 'Main', 'board_scores': {'coding': 92.868, 'agentic-tool-work': 87.688, 'hard-reasoning': 98.353, 'knowledge-science': 96.038, 'instruction-context': 96.179}, 'board_tests': {'coding': 3, 'agentic-tool-work': 5, 'hard-reasoning': 3, 'knowledge-science': 5, 'instruction-context': 3}}}",92.888,3,92.889,92.887,3,3,6,7,46.429,88.701,3,92.868,3,87.538,6,87.382,87.695,6,7,10,11,61.818,86.024,6,87.688,5,98.415,3,98.353,98.477,3,5,4,6,79.167,99.174,3,98.353,3,96.045,5,96.038,96.052,5,5,6,7,77.381,96.502,5,96.038,5,96.189,3,96.189,96.189,3,3,4,4,75.0,93.499,3,96.179,3,20,3,0,67.959,90.1961,16,0,fable5_first_gpt56sol_second_v1,
rasch_main_sparse_rank_mean,Equal mean of the primary Rasch and sparse-item Rasch evidence ranks,primary_rank_consensus,17,Gemini 3.6 Flash,Google,gemini-3-6-flash,gemini 3 6 flash,Main,93.6944,diagnostic_equal_mean_not_ranking_key,17.0,17,17,0,lower_rank_max_then_rank_min_then_stable_id,17,93.8043,17,93.5846,12,13,12,"{'rasch_equal_board': {'coding': 6, 'agentic-tool-work': 10, 'hard-reasoning': 4, 'knowledge-science': 6, 'instruction-context': 4}, 'rasch_sparse_item_sensitivity': {'coding': 7, 'agentic-tool-work': 11, 'hard-reasoning': 6, 'knowledge-science': 7, 'instruction-context': 4}}",18,91.9895,17,93.9931,"{'rasch_equal_board': {'method': 'rasch_equal_board', 'rank': 17, 'score': 93.8043, 'rank_percentile': 89.5425, 'selected_slug': 'gemini-3-6-flash', 'evidence_tier': 'Main', 'board_scores': {'coding': 92.183, 'agentic-tool-work': 87.377, 'hard-reasoning': 96.652, 'knowledge-science': 96.259, 'instruction-context': 96.55}, 'board_tests': {'coding': 3, 'agentic-tool-work': 5, 'hard-reasoning': 3, 'knowledge-science': 5, 'instruction-context': 3}}, 'rasch_sparse_item_sensitivity': {'method': 'rasch_sparse_item_sensitivity', 'rank': 17, 'score': 93.5846, 'rank_percentile': 89.5425, 'selected_slug': 'gemini-3-6-flash', 'evidence_tier': 'Main', 'board_scores': {'coding': 91.063, 'agentic-tool-work': 87.386, 'hard-reasoning': 96.652, 'knowledge-science': 96.273, 'instruction-context': 96.55}, 'board_tests': {'coding': 4, 'agentic-tool-work': 5, 'hard-reasoning': 3, 'knowledge-science': 5, 'instruction-context': 3}}, 'twopl_equal_board': {'method': 'twopl_equal_board', 'rank': 18, 'score': 91.9895, 'rank_percentile': 88.8889, 'selected_slug': 'gemini-3-6-flash', 'evidence_tier': 'Main', 'board_scores': {'coding': 88.198, 'agentic-tool-work': 85.213, 'hard-reasoning': 98.032, 'knowledge-science': 96.616, 'instruction-context': 91.889}, 'board_tests': {'coding': 3, 'agentic-tool-work': 5, 'hard-reasoning': 3, 'knowledge-science': 5, 'instruction-context': 3}}, 'rasch_dense_item_sensitivity': {'method': 'rasch_dense_item_sensitivity', 'rank': 17, 'score': 93.9931, 'rank_percentile': 89.5425, 'selected_slug': 'gemini-3-6-flash', 'evidence_tier': 'Provisional', 'board_scores': {'coding': 92.16, 'agentic-tool-work': 88.278, 'hard-reasoning': 96.652, 'knowledge-science': 96.259, 'instruction-context': 96.615}, 'board_tests': {'coding': 3, 'agentic-tool-work': 3, 'hard-reasoning': 3, 'knowledge-science': 5, 'instruction-context': 2}}}",91.623,3,92.183,91.063,3,4,6,7,53.571,88.198,3,92.16,3,87.381,5,87.377,87.386,5,5,10,11,47.727,85.213,5,88.278,3,96.652,3,96.652,96.652,3,3,4,6,62.5,98.032,3,96.652,3,96.266,5,96.259,96.273,5,5,6,7,77.381,96.616,5,96.259,5,96.55,3,96.55,96.55,3,3,4,4,75.0,91.889,3,96.615,2,19,3,0,63.236,89.5425,17,0,fable5_first_gpt56sol_second_v1,
rasch_main_sparse_rank_mean,Equal mean of the primary Rasch and sparse-item Rasch evidence ranks,primary_rank_consensus,18,Claude Opus 4.7 (max),Anthropic,claude-opus-4-7,claude opus 4 7,Main,93.1071,diagnostic_equal_mean_not_ranking_key,18.5,18,19,1,lower_rank_max_then_rank_min_then_stable_id,19,93.1423,18,93.0718,16,20,16,"{'rasch_equal_board': {'coding': 6, 'agentic-tool-work': 10, 'hard-reasoning': 4, 'knowledge-science': 6, 'instruction-context': 4}, 'rasch_sparse_item_sensitivity': {'coding': 7, 'agentic-tool-work': 11, 'hard-reasoning': 6, 'knowledge-science': 7, 'instruction-context': 4}}",17,92.0909,19,92.8757,"{'rasch_equal_board': {'method': 'rasch_equal_board', 'rank': 19, 'score': 93.1423, 'rank_percentile': 88.2353, 'selected_slug': 'claude-opus-4-7', 'evidence_tier': 'Main', 'board_scores': {'coding': 94.335, 'agentic-tool-work': 87.874, 'hard-reasoning': 96.672, 'knowledge-science': 95.448, 'instruction-context': 91.383}, 'board_tests': {'coding': 4, 'agentic-tool-work': 7, 'hard-reasoning': 3, 'knowledge-science': 5, 'instruction-context': 4}}, 'rasch_sparse_item_sensitivity': {'method': 'rasch_sparse_item_sensitivity', 'rank': 18, 'score': 93.0718, 'rank_percentile': 88.8889, 'selected_slug': 'claude-opus-4-7', 'evidence_tier': 'Main', 'board_scores': {'coding': 94.334, 'agentic-tool-work': 87.842, 'hard-reasoning': 97.219, 'knowledge-science': 94.582, 'instruction-context': 91.383}, 'board_tests': {'coding': 4, 'agentic-tool-work': 8, 'hard-reasoning': 5, 'knowledge-science': 6, 'instruction-context': 4}}, 'twopl_equal_board': {'method': 'twopl_equal_board', 'rank': 17, 'score': 92.0909, 'rank_percentile': 89.5425, 'selected_slug': 'claude-opus-4-7', 'evidence_tier': 'Main', 'board_scores': {'coding': 90.41, 'agentic-tool-work': 86.675, 'hard-reasoning': 98.043, 'knowledge-science': 95.914, 'instruction-context': 89.413}, 'board_tests': {'coding': 4, 'agentic-tool-work': 7, 'hard-reasoning': 3, 'knowledge-science': 5, 'instruction-context': 4}}, 'rasch_dense_item_sensitivity': {'method': 'rasch_dense_item_sensitivity', 'rank': 19, 'score': 92.8757, 'rank_percentile': 88.2353, 'selected_slug': 'claude-opus-4-7', 'evidence_tier': 'Main', 'board_scores': {'coding': 94.316, 'agentic-tool-work': 87.851, 'hard-reasoning': 96.672, 'knowledge-science': 95.448, 'instruction-context': 90.091}, 'board_tests': {'coding': 4, 'agentic-tool-work': 6, 'hard-reasoning': 3, 'knowledge-science': 5, 'instruction-context': 3}}}",94.334,4,94.335,94.334,4,4,6,7,61.905,90.41,4,94.316,4,87.858,7,87.874,87.842,7,8,10,11,71.364,86.675,7,87.851,6,96.945,3,96.672,97.219,3,5,4,6,79.167,98.043,3,96.672,3,95.015,5,95.448,94.582,5,6,6,7,84.524,95.914,5,95.448,5,91.383,4,91.383,91.383,4,4,4,4,100.0,89.413,4,90.091,3,23,3,0,79.392,88.5621,18,0,fable5_first_gpt56sol_second_v1,
rasch_main_sparse_rank_mean,Equal mean of the primary Rasch and sparse-item Rasch evidence ranks,primary_rank_consensus,19,Gemini 3.1 Pro Preview,Google,gemini-3-1-pro-preview,gemini 3 1 pro preview,Main,93.1253,diagnostic_equal_mean_not_ranking_key,18.5,18,19,1,lower_rank_max_then_rank_min_then_stable_id,18,93.335,19,92.9156,16,20,16,"{'rasch_equal_board': {'coding': 6, 'agentic-tool-work': 10, 'hard-reasoning': 4, 'knowledge-science': 6, 'instruction-context': 4}, 'rasch_sparse_item_sensitivity': {'coding': 7, 'agentic-tool-work': 11, 'hard-reasoning': 6, 'knowledge-science': 7, 'instruction-context': 4}}",19,91.8878,18,93.5577,"{'rasch_equal_board': {'method': 'rasch_equal_board', 'rank': 18, 'score': 93.335, 'rank_percentile': 88.8889, 'selected_slug': 'gemini-3-1-pro-preview', 'evidence_tier': 'Main', 'board_scores': {'coding': 89.849, 'agentic-tool-work': 84.757, 'hard-reasoning': 98.493, 'knowledge-science': 97.638, 'instruction-context': 95.937}, 'board_tests': {'coding': 4, 'agentic-tool-work': 8, 'hard-reasoning': 3, 'knowledge-science': 5, 'instruction-context': 3}}, 'rasch_sparse_item_sensitivity': {'method': 'rasch_sparse_item_sensitivity', 'rank': 19, 'score': 92.9156, 'rank_percentile': 88.2353, 'selected_slug': 'gemini-3-1-pro-preview', 'evidence_tier': 'Main', 'board_scores': {'coding': 89.848, 'agentic-tool-work': 84.149, 'hard-reasoning': 97.646, 'knowledge-science': 96.998, 'instruction-context': 95.937}, 'board_tests': {'coding': 4, 'agentic-tool-work': 9, 'hard-reasoning': 5, 'knowledge-science': 6, 'instruction-context': 3}}, 'twopl_equal_board': {'method': 'twopl_equal_board', 'rank': 19, 'score': 91.8878, 'rank_percentile': 88.2353, 'selected_slug': 'gemini-3-1-pro-preview', 'evidence_tier': 'Main', 'board_scores': {'coding': 85.499, 'agentic-tool-work': 83.164, 'hard-reasoning': 99.264, 'knowledge-science': 97.978, 'instruction-context': 93.534}, 'board_tests': {'coding': 4, 'agentic-tool-work': 8, 'hard-reasoning': 3, 'knowledge-science': 5, 'instruction-context': 3}}, 'rasch_dense_item_sensitivity': {'method': 'rasch_dense_item_sensitivity', 'rank': 18, 'score': 93.5577, 'rank_percentile': 88.8889, 'selected_slug': 'gemini-3-1-pro-preview', 'evidence_tier': 'Main', 'board_scores': {'coding': 89.822, 'agentic-tool-work': 85.909, 'hard-reasoning': 98.493, 'knowledge-science': 97.638, 'instruction-context': 95.926}, 'board_tests': {'coding': 4, 'agentic-tool-work': 7, 'hard-reasoning': 3, 'knowledge-science': 5, 'instruction-context': 3}}}",89.849,4,89.849,89.848,4,4,6,7,61.905,85.499,4,89.822,4,84.453,8,84.757,84.149,8,9,10,11,80.909,83.164,8,85.909,7,98.07,3,98.493,97.646,3,5,4,6,79.167,99.264,3,98.493,3,97.318,5,97.638,96.998,5,6,6,7,84.524,97.978,5,97.638,5,95.937,3,95.937,95.937,3,3,4,4,75.0,93.534,3,95.926,3,23,3,0,76.301,88.5621,19,0,fable5_first_gpt56sol_second_v1,
rasch_main_sparse_rank_mean,Equal mean of the primary Rasch and sparse-item Rasch evidence ranks,primary_rank_consensus,20,GLM-5.2 (max),Z AI,glm-5-2,glm 5 2,Main,92.7193,diagnostic_equal_mean_not_ranking_key,20.0,20,20,0,lower_rank_max_then_rank_min_then_stable_id,20,92.7175,20,92.721,14,14,14,"{'rasch_equal_board': {'coding': 6, 'agentic-tool-work': 10, 'hard-reasoning': 4, 'knowledge-science': 6, 'instruction-context': 4}, 'rasch_sparse_item_sensitivity': {'coding': 7, 'agentic-tool-work': 11, 'hard-reasoning': 6, 'knowledge-science': 7, 'instruction-context': 4}}",20,91.423,20,92.7178,"{'rasch_equal_board': {'method': 'rasch_equal_board', 'rank': 20, 'score': 92.7175, 'rank_percentile': 87.5817, 'selected_slug': 'glm-5-2', 'evidence_tier': 'Main', 'board_scores': {'coding': 92.521, 'agentic-tool-work': 86.787, 'hard-reasoning': 97.482, 'knowledge-science': 91.231, 'instruction-context': 95.566}, 'board_tests': {'coding': 3, 'agentic-tool-work': 8, 'hard-reasoning': 3, 'knowledge-science': 4, 'instruction-context': 3}}, 'rasch_sparse_item_sensitivity': {'method': 'rasch_sparse_item_sensitivity', 'rank': 20, 'score': 92.721, 'rank_percentile': 87.5817, 'selected_slug': 'glm-5-2', 'evidence_tier': 'Main', 'board_scores': {'coding': 92.52, 'agentic-tool-work': 86.785, 'hard-reasoning': 97.482, 'knowledge-science': 91.252, 'instruction-context': 95.566}, 'board_tests': {'coding': 3, 'agentic-tool-work': 8, 'hard-reasoning': 3, 'knowledge-science': 4, 'instruction-context': 3}}, 'twopl_equal_board': {'method': 'twopl_equal_board', 'rank': 20, 'score': 91.423, 'rank_percentile': 87.5817, 'selected_slug': 'glm-5-2', 'evidence_tier': 'Main', 'board_scores': {'coding': 88.544, 'agentic-tool-work': 85.635, 'hard-reasoning': 98.604, 'knowledge-science': 91.54, 'instruction-context': 92.792}, 'board_tests': {'coding': 3, 'agentic-tool-work': 8, 'hard-reasoning': 3, 'knowledge-science': 4, 'instruction-context': 3}}, 'rasch_dense_item_sensitivity': {'method': 'rasch_dense_item_sensitivity', 'rank': 20, 'score': 92.7178, 'rank_percentile': 87.5817, 'selected_slug': 'glm-5-2', 'evidence_tier': 'Main', 'board_scores': {'coding': 92.499, 'agentic-tool-work': 86.821, 'hard-reasoning': 97.482, 'knowledge-science': 91.231, 'instruction-context': 95.555}, 'board_tests': {'coding': 3, 'agentic-tool-work': 6, 'hard-reasoning': 3, 'knowledge-science': 4, 'instruction-context': 3}}}",92.52,3,92.521,92.52,3,3,6,7,46.429,88.544,3,92.499,3,86.786,8,86.787,86.785,8,8,10,11,76.364,85.635,8,86.821,6,97.482,3,97.482,97.482,3,3,4,6,62.5,98.604,3,97.482,3,91.242,4,91.231,91.252,4,4,6,7,61.905,91.54,4,91.231,4,95.566,3,95.566,95.566,3,3,4,4,75.0,92.792,3,95.555,3,21,3,0,64.439,87.5817,20,0,fable5_first_gpt56sol_second_v1,
rasch_main_sparse_rank_mean,Equal mean of the primary Rasch and sparse-item Rasch evidence ranks,primary_rank_consensus,21,Qwen3.7 Max,Alibaba,qwen3-7-max,qwen3 7 max,Main,92.6785,diagnostic_equal_mean_not_ranking_key,21.0,21,21,0,lower_rank_max_then_rank_min_then_stable_id,21,92.6774,21,92.6796,11,11,11,"{'rasch_equal_board': {'coding': 6, 'agentic-tool-work': 10, 'hard-reasoning': 4, 'knowledge-science': 6, 'instruction-context': 4}, 'rasch_sparse_item_sensitivity': {'coding': 7, 'agentic-tool-work': 11, 'hard-reasoning': 6, 'knowledge-science': 7, 'instruction-context': 4}}",21,91.3046,21,92.6362,"{'rasch_equal_board': {'method': 'rasch_equal_board', 'rank': 21, 'score': 92.6774, 'rank_percentile': 86.9281, 'selected_slug': 'qwen3-7-max', 'evidence_tier': 'Main', 'board_scores': {'coding': 91.043, 'agentic-tool-work': 86.699, 'hard-reasoning': 97.063, 'knowledge-science': 93.694, 'instruction-context': 94.888}, 'board_tests': {'coding': 3, 'agentic-tool-work': 5, 'hard-reasoning': 3, 'knowledge-science': 4, 'instruction-context': 3}}, 'rasch_sparse_item_sensitivity': {'method': 'rasch_sparse_item_sensitivity', 'rank': 21, 'score': 92.6796, 'rank_percentile': 86.9281, 'selected_slug': 'qwen3-7-max', 'evidence_tier': 'Main', 'board_scores': {'coding': 91.041, 'agentic-tool-work': 86.694, 'hard-reasoning': 97.063, 'knowledge-science': 93.712, 'instruction-context': 94.888}, 'board_tests': {'coding': 3, 'agentic-tool-work': 5, 'hard-reasoning': 3, 'knowledge-science': 4, 'instruction-context': 3}}, 'twopl_equal_board': {'method': 'twopl_equal_board', 'rank': 21, 'score': 91.3046, 'rank_percentile': 86.9281, 'selected_slug': 'qwen3-7-max', 'evidence_tier': 'Main', 'board_scores': {'coding': 87.036, 'agentic-tool-work': 85.531, 'hard-reasoning': 98.321, 'knowledge-science': 93.902, 'instruction-context': 91.732}, 'board_tests': {'coding': 3, 'agentic-tool-work': 5, 'hard-reasoning': 3, 'knowledge-science': 4, 'instruction-context': 3}}, 'rasch_dense_item_sensitivity': {'method': 'rasch_dense_item_sensitivity', 'rank': 21, 'score': 92.6362, 'rank_percentile': 86.9281, 'selected_slug': 'qwen3-7-max', 'evidence_tier': 'Main', 'board_scores': {'coding': 91.018, 'agentic-tool-work': 86.53, 'hard-reasoning': 97.063, 'knowledge-science': 93.694, 'instruction-context': 94.876}, 'board_tests': {'coding': 3, 'agentic-tool-work': 5, 'hard-reasoning': 3, 'knowledge-science': 4, 'instruction-context': 3}}}",91.042,3,91.043,91.041,3,3,6,7,46.429,87.036,3,91.018,3,86.697,5,86.699,86.694,5,5,10,11,47.727,85.531,5,86.53,5,97.063,3,97.063,97.063,3,3,4,6,62.5,98.321,3,97.063,3,93.703,4,93.694,93.712,4,4,6,7,61.905,93.902,4,93.694,4,94.888,3,94.888,94.888,3,3,4,4,75.0,91.732,3,94.876,3,18,3,0,58.712,86.9281,21,0,fable5_first_gpt56sol_second_v1,
rasch_main_sparse_rank_mean,Equal mean of the primary Rasch and sparse-item Rasch evidence ranks,primary_rank_consensus,22,Muse Spark,Meta,muse-spark,muse spark,Provisional,91.4483,diagnostic_equal_mean_not_ranking_key,22.0,22,22,0,lower_rank_max_then_rank_min_then_stable_id,22,91.4468,22,91.4497,9,9,9,"{'rasch_equal_board': {'coding': 6, 'agentic-tool-work': 10, 'hard-reasoning': 4, 'knowledge-science': 6, 'instruction-context': 4}, 'rasch_sparse_item_sensitivity': {'coding': 7, 'agentic-tool-work': 11, 'hard-reasoning': 6, 'knowledge-science': 7, 'instruction-context': 4}}",22,89.8211,22,91.4499,"{'rasch_equal_board': {'method': 'rasch_equal_board', 'rank': 22, 'score': 91.4468, 'rank_percentile': 86.2745, 'selected_slug': 'muse-spark', 'evidence_tier': 'Provisional', 'board_scores': {'coding': 88.269, 'agentic-tool-work': 85.304, 'hard-reasoning': 95.423, 'knowledge-science': 94.497, 'instruction-context': 93.74}, 'board_tests': {'coding': 2, 'agentic-tool-work': 2, 'hard-reasoning': 3, 'knowledge-science': 5, 'instruction-context': 3}}, 'rasch_sparse_item_sensitivity': {'method': 'rasch_sparse_item_sensitivity', 'rank': 22, 'score': 91.4497, 'rank_percentile': 86.2745, 'selected_slug': 'muse-spark', 'evidence_tier': 'Provisional', 'board_scores': {'coding': 88.268, 'agentic-tool-work': 85.304, 'hard-reasoning': 95.423, 'knowledge-science': 94.514, 'instruction-context': 93.74}, 'board_tests': {'coding': 2, 'agentic-tool-work': 2, 'hard-reasoning': 3, 'knowledge-science': 5, 'instruction-context': 3}}, 'twopl_equal_board': {'method': 'twopl_equal_board', 'rank': 22, 'score': 89.8211, 'rank_percentile': 86.2745, 'selected_slug': 'muse-spark', 'evidence_tier': 'Provisional', 'board_scores': {'coding': 82.738, 'agentic-tool-work': 83.018, 'hard-reasoning': 97.102, 'knowledge-science': 94.76, 'instruction-context': 91.489}, 'board_tests': {'coding': 2, 'agentic-tool-work': 2, 'hard-reasoning': 3, 'knowledge-science': 5, 'instruction-context': 3}}, 'rasch_dense_item_sensitivity': {'method': 'rasch_dense_item_sensitivity', 'rank': 22, 'score': 91.4499, 'rank_percentile': 86.2745, 'selected_slug': 'muse-spark', 'evidence_tier': 'Provisional', 'board_scores': {'coding': 88.27, 'agentic-tool-work': 85.332, 'hard-reasoning': 95.423, 'knowledge-science': 94.497, 'instruction-context': 93.727}, 'board_tests': {'coding': 2, 'agentic-tool-work': 2, 'hard-reasoning': 3, 'knowledge-science': 5, 'instruction-context': 3}}}",88.269,2,88.269,88.268,2,2,6,7,30.952,82.738,2,88.27,2,85.304,2,85.304,85.304,2,2,10,11,19.091,83.018,2,85.332,2,95.423,3,95.423,95.423,3,3,4,6,62.5,97.102,3,95.423,3,94.505,5,94.497,94.514,5,5,6,7,77.381,94.76,5,94.497,5,93.74,3,93.74,93.74,3,3,4,4,75.0,91.489,3,93.727,3,15,2,2,52.985,86.2745,22,0,fable5_first_gpt56sol_second_v1,
rasch_main_sparse_rank_mean,Equal mean of the primary Rasch and sparse-item Rasch evidence ranks,primary_rank_consensus,23,Kimi K2.6,Kimi,kimi-k2-6,kimi k2 6,Provisional,91.2569,diagnostic_equal_mean_not_ranking_key,23.0,23,23,0,lower_rank_max_then_rank_min_then_stable_id,23,91.2552,23,91.2585,9,9,9,"{'rasch_equal_board': {'coding': 6, 'agentic-tool-work': 10, 'hard-reasoning': 4, 'knowledge-science': 6, 'instruction-context': 4}, 'rasch_sparse_item_sensitivity': {'coding': 7, 'agentic-tool-work': 11, 'hard-reasoning': 6, 'knowledge-science': 7, 'instruction-context': 4}}",23,89.8009,23,91.2578,"{'rasch_equal_board': {'method': 'rasch_equal_board', 'rank': 23, 'score': 91.2552, 'rank_percentile': 85.6209, 'selected_slug': 'kimi-k2-6', 'evidence_tier': 'Provisional', 'board_scores': {'coding': 90.34, 'agentic-tool-work': 86.15, 'hard-reasoning': 94.713, 'knowledge-science': 92.936, 'instruction-context': 92.138}, 'board_tests': {'coding': 2, 'agentic-tool-work': 2, 'hard-reasoning': 3, 'knowledge-science': 5, 'instruction-context': 3}}, 'rasch_sparse_item_sensitivity': {'method': 'rasch_sparse_item_sensitivity', 'rank': 23, 'score': 91.2585, 'rank_percentile': 85.6209, 'selected_slug': 'kimi-k2-6', 'evidence_tier': 'Provisional', 'board_scores': {'coding': 90.338, 'agentic-tool-work': 86.15, 'hard-reasoning': 94.713, 'knowledge-science': 92.954, 'instruction-context': 92.138}, 'board_tests': {'coding': 2, 'agentic-tool-work': 2, 'hard-reasoning': 3, 'knowledge-science': 5, 'instruction-context': 3}}, 'twopl_equal_board': {'method': 'twopl_equal_board', 'rank': 23, 'score': 89.8009, 'rank_percentile': 85.6209, 'selected_slug': 'kimi-k2-6', 'evidence_tier': 'Provisional', 'board_scores': {'coding': 84.507, 'agentic-tool-work': 83.954, 'hard-reasoning': 96.551, 'knowledge-science': 93.646, 'instruction-context': 90.346}, 'board_tests': {'coding': 2, 'agentic-tool-work': 2, 'hard-reasoning': 3, 'knowledge-science': 5, 'instruction-context': 3}}, 'rasch_dense_item_sensitivity': {'method': 'rasch_dense_item_sensitivity', 'rank': 23, 'score': 91.2578, 'rank_percentile': 85.6209, 'selected_slug': 'kimi-k2-6', 'evidence_tier': 'Provisional', 'board_scores': {'coding': 90.34, 'agentic-tool-work': 86.177, 'hard-reasoning': 94.713, 'knowledge-science': 92.936, 'instruction-context': 92.123}, 'board_tests': {'coding': 2, 'agentic-tool-work': 2, 'hard-reasoning': 3, 'knowledge-science': 5, 'instruction-context': 3}}}",90.339,2,90.34,90.338,2,2,6,7,30.952,84.507,2,90.34,2,86.15,2,86.15,86.15,2,2,10,11,19.091,83.954,2,86.177,2,94.713,3,94.713,94.713,3,3,4,6,62.5,96.551,3,94.713,3,92.945,5,92.936,92.954,5,5,6,7,77.381,93.646,5,92.936,5,92.138,3,92.138,92.138,3,3,4,4,75.0,90.346,3,92.123,3,15,2,2,52.985,85.6209,23,0,fable5_first_gpt56sol_second_v1,
rasch_main_sparse_rank_mean,Equal mean of the primary Rasch and sparse-item Rasch evidence ranks,primary_rank_consensus,24,DeepSeek V4 Pro (max),DeepSeek,deepseek-v4-pro,deepseek v4 pro,Main,90.8141,diagnostic_equal_mean_not_ranking_key,24.0,24,24,0,lower_rank_max_then_rank_min_then_stable_id,24,90.8101,24,90.818,18,18,18,"{'rasch_equal_board': {'coding': 6, 'agentic-tool-work': 10, 'hard-reasoning': 4, 'knowledge-science': 6, 'instruction-context': 4}, 'rasch_sparse_item_sensitivity': {'coding': 7, 'agentic-tool-work': 11, 'hard-reasoning': 6, 'knowledge-science': 7, 'instruction-context': 4}}",24,89.5019,24,90.7549,"{'rasch_equal_board': {'method': 'rasch_equal_board', 'rank': 24, 'score': 90.8101, 'rank_percentile': 84.9673, 'selected_slug': 'deepseek-v4-pro', 'evidence_tier': 'Main', 'board_scores': {'coding': 88.203, 'agentic-tool-work': 85.402, 'hard-reasoning': 95.576, 'knowledge-science': 91.843, 'instruction-context': 93.025}, 'board_tests': {'coding': 6, 'agentic-tool-work': 8, 'hard-reasoning': 3, 'knowledge-science': 5, 'instruction-context': 3}}, 'rasch_sparse_item_sensitivity': {'method': 'rasch_sparse_item_sensitivity', 'rank': 24, 'score': 90.818, 'rank_percentile': 84.9673, 'selected_slug': 'deepseek-v4-pro', 'evidence_tier': 'Main', 'board_scores': {'coding': 88.202, 'agentic-tool-work': 85.397, 'hard-reasoning': 95.576, 'knowledge-science': 91.891, 'instruction-context': 93.025}, 'board_tests': {'coding': 6, 'agentic-tool-work': 8, 'hard-reasoning': 3, 'knowledge-science': 5, 'instruction-context': 3}}, 'twopl_equal_board': {'method': 'twopl_equal_board', 'rank': 24, 'score': 89.5019, 'rank_percentile': 84.9673, 'selected_slug': 'deepseek-v4-pro', 'evidence_tier': 'Main', 'board_scores': {'coding': 83.671, 'agentic-tool-work': 84.877, 'hard-reasoning': 97.216, 'knowledge-science': 92.461, 'instruction-context': 89.284}, 'board_tests': {'coding': 6, 'agentic-tool-work': 8, 'hard-reasoning': 3, 'knowledge-science': 5, 'instruction-context': 3}}, 'rasch_dense_item_sensitivity': {'method': 'rasch_dense_item_sensitivity', 'rank': 24, 'score': 90.7549, 'rank_percentile': 84.9673, 'selected_slug': 'deepseek-v4-pro', 'evidence_tier': 'Main', 'board_scores': {'coding': 88.865, 'agentic-tool-work': 84.479, 'hard-reasoning': 95.576, 'knowledge-science': 91.843, 'instruction-context': 93.011}, 'board_tests': {'coding': 5, 'agentic-tool-work': 7, 'hard-reasoning': 3, 'knowledge-science': 5, 'instruction-context': 3}}}",88.203,6,88.203,88.202,6,6,6,7,92.857,83.671,6,88.865,5,85.4,8,85.402,85.397,8,8,10,11,76.364,84.877,8,84.479,7,95.576,3,95.576,95.576,3,3,4,6,62.5,97.216,3,95.576,3,91.867,5,91.843,91.891,5,5,6,7,77.381,92.461,5,91.843,5,93.025,3,93.025,93.025,3,3,4,4,75.0,89.284,3,93.011,3,25,3,0,76.82,84.9673,24,0,fable5_first_gpt56sol_second_v1,
rasch_main_sparse_rank_mean,Equal mean of the primary Rasch and sparse-item Rasch evidence ranks,primary_rank_consensus,25,Kimi K2.7 Code,Kimi,kimi-k2-7-code,kimi k2 7 code,Provisional,90.4251,diagnostic_equal_mean_not_ranking_key,25.0,25,25,0,lower_rank_max_then_rank_min_then_stable_id,25,90.4239,25,90.4263,9,9,9,"{'rasch_equal_board': {'coding': 6, 'agentic-tool-work': 10, 'hard-reasoning': 4, 'knowledge-science': 6, 'instruction-context': 4}, 'rasch_sparse_item_sensitivity': {'coding': 7, 'agentic-tool-work': 11, 'hard-reasoning': 6, 'knowledge-science': 7, 'instruction-context': 4}}",25,89.2322,25,90.4002,"{'rasch_equal_board': {'method': 'rasch_equal_board', 'rank': 25, 'score': 90.4239, 'rank_percentile': 84.3137, 'selected_slug': 'kimi-k2-7-code', 'evidence_tier': 'Provisional', 'board_scores': {'coding': 88.882, 'agentic-tool-work': 85.993, 'hard-reasoning': 94.592, 'knowledge-science': 92.723, 'instruction-context': 89.93}, 'board_tests': {'coding': 2, 'agentic-tool-work': 3, 'hard-reasoning': 3, 'knowledge-science': 4, 'instruction-context': 3}}, 'rasch_sparse_item_sensitivity': {'method': 'rasch_sparse_item_sensitivity', 'rank': 25, 'score': 90.4263, 'rank_percentile': 84.3137, 'selected_slug': 'kimi-k2-7-code', 'evidence_tier': 'Provisional', 'board_scores': {'coding': 88.88, 'agentic-tool-work': 85.988, 'hard-reasoning': 94.592, 'knowledge-science': 92.742, 'instruction-context': 89.93}, 'board_tests': {'coding': 2, 'agentic-tool-work': 3, 'hard-reasoning': 3, 'knowledge-science': 4, 'instruction-context': 3}}, 'twopl_equal_board': {'method': 'twopl_equal_board', 'rank': 25, 'score': 89.2322, 'rank_percentile': 84.3137, 'selected_slug': 'kimi-k2-7-code', 'evidence_tier': 'Provisional', 'board_scores': {'coding': 84.297, 'agentic-tool-work': 84.171, 'hard-reasoning': 96.445, 'knowledge-science': 92.534, 'instruction-context': 88.714}, 'board_tests': {'coding': 2, 'agentic-tool-work': 3, 'hard-reasoning': 3, 'knowledge-science': 4, 'instruction-context': 3}}, 'rasch_dense_item_sensitivity': {'method': 'rasch_dense_item_sensitivity', 'rank': 25, 'score': 90.4002, 'rank_percentile': 84.3137, 'selected_slug': 'kimi-k2-7-code', 'evidence_tier': 'Provisional', 'board_scores': {'coding': 88.883, 'agentic-tool-work': 85.889, 'hard-reasoning': 94.592, 'knowledge-science': 92.723, 'instruction-context': 89.914}, 'board_tests': {'coding': 2, 'agentic-tool-work': 3, 'hard-reasoning': 3, 'knowledge-science': 4, 'instruction-context': 3}}}",88.881,2,88.882,88.88,2,2,6,7,30.952,84.297,2,88.883,2,85.99,3,85.993,85.988,3,3,10,11,28.636,84.171,3,85.889,3,94.592,3,94.592,94.592,3,3,4,6,62.5,96.445,3,94.592,3,92.733,4,92.723,92.742,4,4,6,7,61.905,92.534,4,92.723,4,89.93,3,89.93,89.93,3,3,4,4,75.0,88.714,3,89.914,3,15,2,1,51.799,84.3137,25,0,fable5_first_gpt56sol_second_v1,
rasch_main_sparse_rank_mean,Equal mean of the primary Rasch and sparse-item Rasch evidence ranks,primary_rank_consensus,26,MiniMax-M3,MiniMax,minimax-m3,minimax m3,Main,89.5079,diagnostic_equal_mean_not_ranking_key,26.0,26,26,0,lower_rank_max_then_rank_min_then_stable_id,26,89.5063,26,89.5095,12,12,12,"{'rasch_equal_board': {'coding': 6, 'agentic-tool-work': 10, 'hard-reasoning': 4, 'knowledge-science': 6, 'instruction-context': 4}, 'rasch_sparse_item_sensitivity': {'coding': 7, 'agentic-tool-work': 11, 'hard-reasoning': 6, 'knowledge-science': 7, 'instruction-context': 4}}",26,88.9863,28,89.4618,"{'rasch_equal_board': {'method': 'rasch_equal_board', 'rank': 26, 'score': 89.5063, 'rank_percentile': 83.6601, 'selected_slug': 'minimax-m3', 'evidence_tier': 'Main', 'board_scores': {'coding': 87.296, 'agentic-tool-work': 86.667, 'hard-reasoning': 92.782, 'knowledge-science': 89.425, 'instruction-context': 91.362}, 'board_tests': {'coding': 3, 'agentic-tool-work': 5, 'hard-reasoning': 3, 'knowledge-science': 5, 'instruction-context': 3}}, 'rasch_sparse_item_sensitivity': {'method': 'rasch_sparse_item_sensitivity', 'rank': 26, 'score': 89.5095, 'rank_percentile': 83.6601, 'selected_slug': 'minimax-m3', 'evidence_tier': 'Main', 'board_scores': {'coding': 87.294, 'agentic-tool-work': 86.664, 'hard-reasoning': 92.782, 'knowledge-science': 89.446, 'instruction-context': 91.362}, 'board_tests': {'coding': 3, 'agentic-tool-work': 5, 'hard-reasoning': 3, 'knowledge-science': 5, 'instruction-context': 3}}, 'twopl_equal_board': {'method': 'twopl_equal_board', 'rank': 26, 'score': 88.9863, 'rank_percentile': 83.6601, 'selected_slug': 'minimax-m3', 'evidence_tier': 'Main', 'board_scores': {'coding': 83.24, 'agentic-tool-work': 84.995, 'hard-reasoning': 94.983, 'knowledge-science': 90.94, 'instruction-context': 90.774}, 'board_tests': {'coding': 3, 'agentic-tool-work': 5, 'hard-reasoning': 3, 'knowledge-science': 5, 'instruction-context': 3}}, 'rasch_dense_item_sensitivity': {'method': 'rasch_dense_item_sensitivity', 'rank': 28, 'score': 89.4618, 'rank_percentile': 82.3529, 'selected_slug': 'minimax-m3', 'evidence_tier': 'Main', 'board_scores': {'coding': 87.266, 'agentic-tool-work': 86.49, 'hard-reasoning': 92.782, 'knowledge-science': 89.425, 'instruction-context': 91.347}, 'board_tests': {'coding': 3, 'agentic-tool-work': 5, 'hard-reasoning': 3, 'knowledge-science': 5, 'instruction-context': 3}}}",87.295,3,87.296,87.294,3,3,6,7,46.429,83.24,3,87.266,3,86.666,5,86.667,86.664,5,5,10,11,47.727,84.995,5,86.49,5,92.782,3,92.782,92.782,3,3,4,6,62.5,94.983,3,92.782,3,89.435,5,89.425,89.446,5,5,6,7,77.381,90.94,5,89.425,5,91.362,3,91.362,91.362,3,3,4,4,75.0,90.774,3,91.347,3,19,3,0,61.807,83.6601,26,0,fable5_first_gpt56sol_second_v1,
rasch_main_sparse_rank_mean,Equal mean of the primary Rasch and sparse-item Rasch evidence ranks,primary_rank_consensus,27,Nex-N2-Pro,Nex AGI,nex-n2-pro,nex n2 pro,Provisional,89.4873,diagnostic_equal_mean_not_ranking_key,27.0,27,27,0,lower_rank_max_then_rank_min_then_stable_id,27,89.4854,27,89.4892,8,8,8,"{'rasch_equal_board': {'coding': 6, 'agentic-tool-work': 10, 'hard-reasoning': 4, 'knowledge-science': 6, 'instruction-context': 4}, 'rasch_sparse_item_sensitivity': {'coding': 7, 'agentic-tool-work': 11, 'hard-reasoning': 6, 'knowledge-science': 7, 'instruction-context': 4}}",27,88.6252,27,89.488,"{'rasch_equal_board': {'method': 'rasch_equal_board', 'rank': 27, 'score': 89.4854, 'rank_percentile': 83.0065, 'selected_slug': 'nex-n2-pro', 'evidence_tier': 'Provisional', 'board_scores': {'coding': 86.889, 'agentic-tool-work': 86.526, 'hard-reasoning': 93.593, 'knowledge-science': 90.298, 'instruction-context': 90.121}, 'board_tests': {'coding': 2, 'agentic-tool-work': 2, 'hard-reasoning': 3, 'knowledge-science': 4, 'instruction-context': 3}}, 'rasch_sparse_item_sensitivity': {'method': 'rasch_sparse_item_sensitivity', 'rank': 27, 'score': 89.4892, 'rank_percentile': 83.0065, 'selected_slug': 'nex-n2-pro', 'evidence_tier': 'Provisional', 'board_scores': {'coding': 86.888, 'agentic-tool-work': 86.526, 'hard-reasoning': 93.593, 'knowledge-science': 90.319, 'instruction-context': 90.121}, 'board_tests': {'coding': 2, 'agentic-tool-work': 2, 'hard-reasoning': 3, 'knowledge-science': 4, 'instruction-context': 3}}, 'twopl_equal_board': {'method': 'twopl_equal_board', 'rank': 27, 'score': 88.6252, 'rank_percentile': 83.0065, 'selected_slug': 'nex-n2-pro', 'evidence_tier': 'Provisional', 'board_scores': {'coding': 83.666, 'agentic-tool-work': 84.391, 'hard-reasoning': 95.628, 'knowledge-science': 90.278, 'instruction-context': 89.162}, 'board_tests': {'coding': 2, 'agentic-tool-work': 2, 'hard-reasoning': 3, 'knowledge-science': 4, 'instruction-context': 3}}, 'rasch_dense_item_sensitivity': {'method': 'rasch_dense_item_sensitivity', 'rank': 27, 'score': 89.488, 'rank_percentile': 83.0065, 'selected_slug': 'nex-n2-pro', 'evidence_tier': 'Provisional', 'board_scores': {'coding': 86.891, 'agentic-tool-work': 86.553, 'hard-reasoning': 93.593, 'knowledge-science': 90.298, 'instruction-context': 90.105}, 'board_tests': {'coding': 2, 'agentic-tool-work': 2, 'hard-reasoning': 3, 'knowledge-science': 4, 'instruction-context': 3}}}",86.888,2,86.889,86.888,2,2,6,7,30.952,83.666,2,86.891,2,86.526,2,86.526,86.526,2,2,10,11,19.091,84.391,2,86.553,2,93.593,3,93.593,93.593,3,3,4,6,62.5,95.628,3,93.593,3,90.309,4,90.298,90.319,4,4,6,7,61.905,90.278,4,90.298,4,90.121,3,90.121,90.121,3,3,4,4,75.0,89.162,3,90.105,3,14,2,2,49.89,83.0065,27,0,fable5_first_gpt56sol_second_v1,
rasch_main_sparse_rank_mean,Equal mean of the primary Rasch and sparse-item Rasch evidence ranks,primary_rank_consensus,28,Grok Build 0.1 0616,SpaceXAI,grok-build-0-1-06-16,grok build 0 1 0616,Provisional,89.2264,diagnostic_equal_mean_not_ranking_key,28.0,28,28,0,lower_rank_max_then_rank_min_then_stable_id,28,89.2249,28,89.228,8,8,8,"{'rasch_equal_board': {'coding': 6, 'agentic-tool-work': 10, 'hard-reasoning': 4, 'knowledge-science': 6, 'instruction-context': 4}, 'rasch_sparse_item_sensitivity': {'coding': 7, 'agentic-tool-work': 11, 'hard-reasoning': 6, 'knowledge-science': 7, 'instruction-context': 4}}",35,86.8518,30,89.229,"{'rasch_equal_board': {'method': 'rasch_equal_board', 'rank': 28, 'score': 89.2249, 'rank_percentile': 82.3529, 'selected_slug': 'grok-build-0-1-06-16', 'evidence_tier': 'Provisional', 'board_scores': {'coding': 83.441, 'agentic-tool-work': 80.169, 'hard-reasoning': 94.695, 'knowledge-science': 93.956, 'instruction-context': 93.863}, 'board_tests': {'coding': 2, 'agentic-tool-work': 2, 'hard-reasoning': 3, 'knowledge-science': 5, 'instruction-context': 2}}, 'rasch_sparse_item_sensitivity': {'method': 'rasch_sparse_item_sensitivity', 'rank': 28, 'score': 89.228, 'rank_percentile': 82.3529, 'selected_slug': 'grok-build-0-1-06-16', 'evidence_tier': 'Provisional', 'board_scores': {'coding': 83.439, 'agentic-tool-work': 80.169, 'hard-reasoning': 94.694, 'knowledge-science': 93.974, 'instruction-context': 93.863}, 'board_tests': {'coding': 2, 'agentic-tool-work': 2, 'hard-reasoning': 3, 'knowledge-science': 5, 'instruction-context': 2}}, 'twopl_equal_board': {'method': 'twopl_equal_board', 'rank': 35, 'score': 86.8518, 'rank_percentile': 77.7778, 'selected_slug': 'grok-build-0-1-06-16', 'evidence_tier': 'Provisional', 'board_scores': {'coding': 78.302, 'agentic-tool-work': 78.54, 'hard-reasoning': 96.531, 'knowledge-science': 94.384, 'instruction-context': 86.501}, 'board_tests': {'coding': 2, 'agentic-tool-work': 2, 'hard-reasoning': 3, 'knowledge-science': 5, 'instruction-context': 2}}, 'rasch_dense_item_sensitivity': {'method': 'rasch_dense_item_sensitivity', 'rank': 30, 'score': 89.229, 'rank_percentile': 81.0458, 'selected_slug': 'grok-build-0-1-06-16', 'evidence_tier': 'Provisional', 'board_scores': {'coding': 83.444, 'agentic-tool-work': 80.199, 'hard-reasoning': 94.695, 'knowledge-science': 93.956, 'instruction-context': 93.851}, 'board_tests': {'coding': 2, 'agentic-tool-work': 2, 'hard-reasoning': 3, 'knowledge-science': 5, 'instruction-context': 2}}}",83.44,2,83.441,83.439,2,2,6,7,30.952,78.302,2,83.444,2,80.169,2,80.169,80.169,2,2,10,11,19.091,78.54,2,80.199,2,94.695,3,94.695,94.694,3,3,4,6,62.5,96.531,3,94.695,3,93.965,5,93.956,93.974,5,5,6,7,77.381,94.384,5,93.956,5,93.863,2,93.863,93.863,2,2,4,4,50.0,86.501,2,93.851,2,14,2,3,47.985,82.3529,28,0,fable5_first_gpt56sol_second_v1,
rasch_main_sparse_rank_mean,Equal mean of the primary Rasch and sparse-item Rasch evidence ranks,primary_rank_consensus,29,Motif 3 (Beta),Motif Technologies,motif-0714,motif 3 beta,Provisional,89.1258,diagnostic_equal_mean_not_ranking_key,29.0,29,29,0,lower_rank_max_then_rank_min_then_stable_id,29,89.1238,29,89.1279,7,7,7,"{'rasch_equal_board': {'coding': 6, 'agentic-tool-work': 10, 'hard-reasoning': 4, 'knowledge-science': 6, 'instruction-context': 4}, 'rasch_sparse_item_sensitivity': {'coding': 7, 'agentic-tool-work': 11, 'hard-reasoning': 6, 'knowledge-science': 7, 'instruction-context': 4}}",31,87.3354,31,89.1266,"{'rasch_equal_board': {'method': 'rasch_equal_board', 'rank': 29, 'score': 89.1238, 'rank_percentile': 81.6993, 'selected_slug': 'motif-0714', 'evidence_tier': 'Provisional', 'board_scores': {'coding': 89.162, 'agentic-tool-work': 85.655, 'hard-reasoning': 92.226, 'knowledge-science': 87.353, 'instruction-context': 91.223}, 'board_tests': {'coding': 2, 'agentic-tool-work': 2, 'hard-reasoning': 3, 'knowledge-science': 4, 'instruction-context': 2}}, 'rasch_sparse_item_sensitivity': {'method': 'rasch_sparse_item_sensitivity', 'rank': 29, 'score': 89.1279, 'rank_percentile': 81.6993, 'selected_slug': 'motif-0714', 'evidence_tier': 'Provisional', 'board_scores': {'coding': 89.161, 'agentic-tool-work': 85.655, 'hard-reasoning': 92.226, 'knowledge-science': 87.375, 'instruction-context': 91.223}, 'board_tests': {'coding': 2, 'agentic-tool-work': 2, 'hard-reasoning': 3, 'knowledge-science': 4, 'instruction-context': 2}}, 'twopl_equal_board': {'method': 'twopl_equal_board', 'rank': 31, 'score': 87.3354, 'rank_percentile': 80.3922, 'selected_slug': 'motif-0714', 'evidence_tier': 'Provisional', 'board_scores': {'coding': 85.265, 'agentic-tool-work': 84.067, 'hard-reasoning': 94.48, 'knowledge-science': 87.842, 'instruction-context': 85.022}, 'board_tests': {'coding': 2, 'agentic-tool-work': 2, 'hard-reasoning': 3, 'knowledge-science': 4, 'instruction-context': 2}}, 'rasch_dense_item_sensitivity': {'method': 'rasch_dense_item_sensitivity', 'rank': 31, 'score': 89.1266, 'rank_percentile': 80.3922, 'selected_slug': 'motif-0714', 'evidence_tier': 'Provisional', 'board_scores': {'coding': 89.163, 'agentic-tool-work': 85.683, 'hard-reasoning': 92.226, 'knowledge-science': 87.353, 'instruction-context': 91.208}, 'board_tests': {'coding': 2, 'agentic-tool-work': 2, 'hard-reasoning': 3, 'knowledge-science': 4, 'instruction-context': 2}}}",89.162,2,89.162,89.161,2,2,6,7,30.952,85.265,2,89.163,2,85.655,2,85.655,85.655,2,2,10,11,19.091,84.067,2,85.683,2,92.226,3,92.226,92.226,3,3,4,6,62.5,94.48,3,92.226,3,87.364,4,87.353,87.375,4,4,6,7,61.905,87.842,4,87.353,4,91.223,2,91.223,91.223,2,2,4,4,50.0,85.022,2,91.208,2,13,2,3,44.89,81.6993,29,0,fable5_first_gpt56sol_second_v1,
rasch_main_sparse_rank_mean,Equal mean of the primary Rasch and sparse-item Rasch evidence ranks,primary_rank_consensus,30,Claude Opus 4.6 (max),Anthropic,claude-opus-4-6-adaptive,claude opus 4 6,Main,88.9657,diagnostic_equal_mean_not_ranking_key,30.5,30,31,1,lower_rank_max_then_rank_min_then_stable_id,30,89.0533,31,88.8781,15,16,15,"{'rasch_equal_board': {'coding': 6, 'agentic-tool-work': 10, 'hard-reasoning': 4, 'knowledge-science': 6, 'instruction-context': 4}, 'rasch_sparse_item_sensitivity': {'coding': 7, 'agentic-tool-work': 11, 'hard-reasoning': 6, 'knowledge-science': 7, 'instruction-context': 4}}",28,88.545,29,89.3084,"{'rasch_equal_board': {'method': 'rasch_equal_board', 'rank': 30, 'score': 89.0533, 'rank_percentile': 81.0458, 'selected_slug': 'claude-opus-4-6-adaptive', 'evidence_tier': 'Main', 'board_scores': {'coding': 82.985, 'agentic-tool-work': 84.987, 'hard-reasoning': 96.027, 'knowledge-science': 93.681, 'instruction-context': 87.587}, 'board_tests': {'coding': 3, 'agentic-tool-work': 6, 'hard-reasoning': 3, 'knowledge-science': 5, 'instruction-context': 4}}, 'rasch_sparse_item_sensitivity': {'method': 'rasch_sparse_item_sensitivity', 'rank': 31, 'score': 88.8781, 'rank_percentile': 80.3922, 'selected_slug': 'claude-opus-4-6-adaptive', 'evidence_tier': 'Main', 'board_scores': {'coding': 82.983, 'agentic-tool-work': 84.993, 'hard-reasoning': 96.027, 'knowledge-science': 92.801, 'instruction-context': 87.587}, 'board_tests': {'coding': 3, 'agentic-tool-work': 6, 'hard-reasoning': 3, 'knowledge-science': 6, 'instruction-context': 4}}, 'twopl_equal_board': {'method': 'twopl_equal_board', 'rank': 28, 'score': 88.545, 'rank_percentile': 82.3529, 'selected_slug': 'claude-opus-4-6-adaptive', 'evidence_tier': 'Main', 'board_scores': {'coding': 81.085, 'agentic-tool-work': 84.398, 'hard-reasoning': 97.563, 'knowledge-science': 94.233, 'instruction-context': 85.447}, 'board_tests': {'coding': 3, 'agentic-tool-work': 6, 'hard-reasoning': 3, 'knowledge-science': 5, 'instruction-context': 4}}, 'rasch_dense_item_sensitivity': {'method': 'rasch_dense_item_sensitivity', 'rank': 29, 'score': 89.3084, 'rank_percentile': 81.6993, 'selected_slug': 'claude-opus-4-6-adaptive', 'evidence_tier': 'Main', 'board_scores': {'coding': 82.932, 'agentic-tool-work': 85.02, 'hard-reasoning': 96.027, 'knowledge-science': 93.681, 'instruction-context': 88.882}, 'board_tests': {'coding': 3, 'agentic-tool-work': 5, 'hard-reasoning': 3, 'knowledge-science': 5, 'instruction-context': 3}}}",82.984,3,82.985,82.983,3,3,6,7,46.429,81.085,3,82.932,3,84.99,6,84.987,84.993,6,6,10,11,57.273,84.398,6,85.02,5,96.027,3,96.027,96.027,3,3,4,6,62.5,97.563,3,96.027,3,93.241,5,93.681,92.801,5,6,6,7,84.524,94.233,5,93.681,5,87.587,4,87.587,87.587,4,4,4,4,100.0,85.447,4,88.882,3,21,3,0,70.145,80.719,30,0,fable5_first_gpt56sol_second_v1,
rasch_main_sparse_rank_mean,Equal mean of the primary Rasch and sparse-item Rasch evidence ranks,primary_rank_consensus,31,Hy3,Tencent,hy3,hy3,Provisional,88.8785,diagnostic_equal_mean_not_ranking_key,30.5,30,31,1,lower_rank_max_then_rank_min_then_stable_id,31,88.877,30,88.8799,14,14,14,"{'rasch_equal_board': {'coding': 6, 'agentic-tool-work': 10, 'hard-reasoning': 4, 'knowledge-science': 6, 'instruction-context': 4}, 'rasch_sparse_item_sensitivity': {'coding': 7, 'agentic-tool-work': 11, 'hard-reasoning': 6, 'knowledge-science': 7, 'instruction-context': 4}}",29,87.3898,32,88.8843,"{'rasch_equal_board': {'method': 'rasch_equal_board', 'rank': 31, 'score': 88.877, 'rank_percentile': 80.3922, 'selected_slug': 'hy3', 'evidence_tier': 'Provisional', 'board_scores': {'coding': 85.233, 'agentic-tool-work': 86.028, 'hard-reasoning': 91.036, 'knowledge-science': 91.02, 'instruction-context': 91.067}, 'board_tests': {'coding': 5, 'agentic-tool-work': 7, 'hard-reasoning': 3, 'knowledge-science': 4, 'instruction-context': 2}}, 'rasch_sparse_item_sensitivity': {'method': 'rasch_sparse_item_sensitivity', 'rank': 30, 'score': 88.8799, 'rank_percentile': 81.0458, 'selected_slug': 'hy3', 'evidence_tier': 'Provisional', 'board_scores': {'coding': 85.232, 'agentic-tool-work': 86.024, 'hard-reasoning': 91.036, 'knowledge-science': 91.041, 'instruction-context': 91.067}, 'board_tests': {'coding': 5, 'agentic-tool-work': 7, 'hard-reasoning': 3, 'knowledge-science': 4, 'instruction-context': 2}}, 'twopl_equal_board': {'method': 'twopl_equal_board', 'rank': 29, 'score': 87.3898, 'rank_percentile': 81.6993, 'selected_slug': 'hy3', 'evidence_tier': 'Provisional', 'board_scores': {'coding': 81.553, 'agentic-tool-work': 84.587, 'hard-reasoning': 93.44, 'knowledge-science': 91.061, 'instruction-context': 86.308}, 'board_tests': {'coding': 5, 'agentic-tool-work': 7, 'hard-reasoning': 3, 'knowledge-science': 4, 'instruction-context': 2}}, 'rasch_dense_item_sensitivity': {'method': 'rasch_dense_item_sensitivity', 'rank': 32, 'score': 88.8843, 'rank_percentile': 79.7386, 'selected_slug': 'hy3', 'evidence_tier': 'Provisional', 'board_scores': {'coding': 85.549, 'agentic-tool-work': 85.763, 'hard-reasoning': 91.036, 'knowledge-science': 91.02, 'instruction-context': 91.052}, 'board_tests': {'coding': 4, 'agentic-tool-work': 7, 'hard-reasoning': 3, 'knowledge-science': 4, 'instruction-context': 2}}}",85.233,5,85.233,85.232,5,5,6,7,77.381,81.553,5,85.549,4,86.026,7,86.028,86.024,7,7,10,11,66.818,84.587,7,85.763,7,91.036,3,91.036,91.036,3,3,4,6,62.5,93.44,3,91.036,3,91.03,4,91.02,91.041,4,4,6,7,61.905,91.061,4,91.02,4,91.067,2,91.067,91.067,2,2,4,4,50.0,86.308,2,91.052,2,21,2,1,63.721,80.719,31,0,fable5_first_gpt56sol_second_v1,
rasch_main_sparse_rank_mean,Equal mean of the primary Rasch and sparse-item Rasch evidence ranks,primary_rank_consensus,32,Qwen3.7 Plus,Alibaba,qwen3-7-plus,qwen3 7 plus,Provisional,88.6323,diagnostic_equal_mean_not_ranking_key,32.0,32,32,0,lower_rank_max_then_rank_min_then_stable_id,32,88.6304,32,88.6342,9,9,9,"{'rasch_equal_board': {'coding': 6, 'agentic-tool-work': 10, 'hard-reasoning': 4, 'knowledge-science': 6, 'instruction-context': 4}, 'rasch_sparse_item_sensitivity': {'coding': 7, 'agentic-tool-work': 11, 'hard-reasoning': 6, 'knowledge-science': 7, 'instruction-context': 4}}",30,87.3592,34,88.6337,"{'rasch_equal_board': {'method': 'rasch_equal_board', 'rank': 32, 'score': 88.6304, 'rank_percentile': 79.7386, 'selected_slug': 'qwen3-7-plus', 'evidence_tier': 'Provisional', 'board_scores': {'coding': 85.406, 'agentic-tool-work': 82.406, 'hard-reasoning': 94.492, 'knowledge-science': 89.302, 'instruction-context': 91.545}, 'board_tests': {'coding': 2, 'agentic-tool-work': 2, 'hard-reasoning': 3, 'knowledge-science': 5, 'instruction-context': 3}}, 'rasch_sparse_item_sensitivity': {'method': 'rasch_sparse_item_sensitivity', 'rank': 32, 'score': 88.6342, 'rank_percentile': 79.7386, 'selected_slug': 'qwen3-7-plus', 'evidence_tier': 'Provisional', 'board_scores': {'coding': 85.405, 'agentic-tool-work': 82.405, 'hard-reasoning': 94.492, 'knowledge-science': 89.324, 'instruction-context': 91.545}, 'board_tests': {'coding': 2, 'agentic-tool-work': 2, 'hard-reasoning': 3, 'knowledge-science': 5, 'instruction-context': 3}}, 'twopl_equal_board': {'method': 'twopl_equal_board', 'rank': 30, 'score': 87.3592, 'rank_percentile': 81.0458, 'selected_slug': 'qwen3-7-plus', 'evidence_tier': 'Provisional', 'board_scores': {'coding': 81.388, 'agentic-tool-work': 80.913, 'hard-reasoning': 96.368, 'knowledge-science': 90.192, 'instruction-context': 87.935}, 'board_tests': {'coding': 2, 'agentic-tool-work': 2, 'hard-reasoning': 3, 'knowledge-science': 5, 'instruction-context': 3}}, 'rasch_dense_item_sensitivity': {'method': 'rasch_dense_item_sensitivity', 'rank': 34, 'score': 88.6337, 'rank_percentile': 78.4314, 'selected_slug': 'qwen3-7-plus', 'evidence_tier': 'Provisional', 'board_scores': {'coding': 85.409, 'agentic-tool-work': 82.435, 'hard-reasoning': 94.492, 'knowledge-science': 89.302, 'instruction-context': 91.53}, 'board_tests': {'coding': 2, 'agentic-tool-work': 2, 'hard-reasoning': 3, 'knowledge-science': 5, 'instruction-context': 3}}}",85.406,2,85.406,85.405,2,2,6,7,30.952,81.388,2,85.409,2,82.406,2,82.406,82.405,2,2,10,11,19.091,80.913,2,82.435,2,94.492,3,94.492,94.492,3,3,4,6,62.5,96.368,3,94.492,3,89.313,5,89.302,89.324,5,5,6,7,77.381,90.192,5,89.302,5,91.545,3,91.545,91.545,3,3,4,4,75.0,87.935,3,91.53,3,15,2,2,52.985,79.7386,32,0,fable5_first_gpt56sol_second_v1,
rasch_main_sparse_rank_mean,Equal mean of the primary Rasch and sparse-item Rasch evidence ranks,primary_rank_consensus,33,GPT-5.4 mini (xhigh),OpenAI,gpt-5-4-mini,gpt 5 4 mini,Provisional,88.5348,diagnostic_equal_mean_not_ranking_key,33.0,33,33,0,lower_rank_max_then_rank_min_then_stable_id,33,88.5329,33,88.5367,9,9,9,"{'rasch_equal_board': {'coding': 6, 'agentic-tool-work': 10, 'hard-reasoning': 4, 'knowledge-science': 6, 'instruction-context': 4}, 'rasch_sparse_item_sensitivity': {'coding': 7, 'agentic-tool-work': 11, 'hard-reasoning': 6, 'knowledge-science': 7, 'instruction-context': 4}}",33,87.1627,35,88.536,"{'rasch_equal_board': {'method': 'rasch_equal_board', 'rank': 33, 'score': 88.5329, 'rank_percentile': 79.085, 'selected_slug': 'gpt-5-4-mini', 'evidence_tier': 'Provisional', 'board_scores': {'coding': 86.43, 'agentic-tool-work': 83.178, 'hard-reasoning': 92.501, 'knowledge-science': 88.835, 'instruction-context': 91.721}, 'board_tests': {'coding': 2, 'agentic-tool-work': 2, 'hard-reasoning': 3, 'knowledge-science': 5, 'instruction-context': 3}}, 'rasch_sparse_item_sensitivity': {'method': 'rasch_sparse_item_sensitivity', 'rank': 33, 'score': 88.5367, 'rank_percentile': 79.085, 'selected_slug': 'gpt-5-4-mini', 'evidence_tier': 'Provisional', 'board_scores': {'coding': 86.428, 'agentic-tool-work': 83.178, 'hard-reasoning': 92.501, 'knowledge-science': 88.856, 'instruction-context': 91.721}, 'board_tests': {'coding': 2, 'agentic-tool-work': 2, 'hard-reasoning': 3, 'knowledge-science': 5, 'instruction-context': 3}}, 'twopl_equal_board': {'method': 'twopl_equal_board', 'rank': 33, 'score': 87.1627, 'rank_percentile': 79.085, 'selected_slug': 'gpt-5-4-mini', 'evidence_tier': 'Provisional', 'board_scores': {'coding': 81.272, 'agentic-tool-work': 81.263, 'hard-reasoning': 94.688, 'knowledge-science': 89.429, 'instruction-context': 89.161}, 'board_tests': {'coding': 2, 'agentic-tool-work': 2, 'hard-reasoning': 3, 'knowledge-science': 5, 'instruction-context': 3}}, 'rasch_dense_item_sensitivity': {'method': 'rasch_dense_item_sensitivity', 'rank': 35, 'score': 88.536, 'rank_percentile': 77.7778, 'selected_slug': 'gpt-5-4-mini', 'evidence_tier': 'Provisional', 'board_scores': {'coding': 86.432, 'agentic-tool-work': 83.207, 'hard-reasoning': 92.501, 'knowledge-science': 88.835, 'instruction-context': 91.706}, 'board_tests': {'coding': 2, 'agentic-tool-work': 2, 'hard-reasoning': 3, 'knowledge-science': 5, 'instruction-context': 3}}}",86.429,2,86.43,86.428,2,2,6,7,30.952,81.272,2,86.432,2,83.178,2,83.178,83.178,2,2,10,11,19.091,81.263,2,83.207,2,92.501,3,92.501,92.501,3,3,4,6,62.5,94.688,3,92.501,3,88.845,5,88.835,88.856,5,5,6,7,77.381,89.429,5,88.835,5,91.721,3,91.721,91.721,3,3,4,4,75.0,89.161,3,91.706,3,15,2,2,52.985,79.085,33,0,fable5_first_gpt56sol_second_v1,
rasch_main_sparse_rank_mean,Equal mean of the primary Rasch and sparse-item Rasch evidence ranks,primary_rank_consensus,34,MiMo-V2.5-Pro,Xiaomi,mimo-v2-5-pro,mimo v2 5 pro,Provisional,88.3884,diagnostic_equal_mean_not_ranking_key,34.0,34,34,0,lower_rank_max_then_rank_min_then_stable_id,34,88.3863,34,88.3904,8,8,8,"{'rasch_equal_board': {'coding': 6, 'agentic-tool-work': 10, 'hard-reasoning': 4, 'knowledge-science': 6, 'instruction-context': 4}, 'rasch_sparse_item_sensitivity': {'coding': 7, 'agentic-tool-work': 11, 'hard-reasoning': 6, 'knowledge-science': 7, 'instruction-context': 4}}",32,87.3174,36,88.3888,"{'rasch_equal_board': {'method': 'rasch_equal_board', 'rank': 34, 'score': 88.3863, 'rank_percentile': 78.4314, 'selected_slug': 'mimo-v2-5-pro', 'evidence_tier': 'Provisional', 'board_scores': {'coding': 88.975, 'agentic-tool-work': 86.285, 'hard-reasoning': 88.786, 'knowledge-science': 87.919, 'instruction-context': 89.967}, 'board_tests': {'coding': 2, 'agentic-tool-work': 2, 'hard-reasoning': 3, 'knowledge-science': 4, 'instruction-context': 3}}, 'rasch_sparse_item_sensitivity': {'method': 'rasch_sparse_item_sensitivity', 'rank': 34, 'score': 88.3904, 'rank_percentile': 78.4314, 'selected_slug': 'mimo-v2-5-pro', 'evidence_tier': 'Provisional', 'board_scores': {'coding': 88.973, 'agentic-tool-work': 86.285, 'hard-reasoning': 88.786, 'knowledge-science': 87.941, 'instruction-context': 89.967}, 'board_tests': {'coding': 2, 'agentic-tool-work': 2, 'hard-reasoning': 3, 'knowledge-science': 4, 'instruction-context': 3}}, 'twopl_equal_board': {'method': 'twopl_equal_board', 'rank': 32, 'score': 87.3174, 'rank_percentile': 79.7386, 'selected_slug': 'mimo-v2-5-pro', 'evidence_tier': 'Provisional', 'board_scores': {'coding': 83.767, 'agentic-tool-work': 83.982, 'hard-reasoning': 91.395, 'knowledge-science': 88.186, 'instruction-context': 89.256}, 'board_tests': {'coding': 2, 'agentic-tool-work': 2, 'hard-reasoning': 3, 'knowledge-science': 4, 'instruction-context': 3}}, 'rasch_dense_item_sensitivity': {'method': 'rasch_dense_item_sensitivity', 'rank': 36, 'score': 88.3888, 'rank_percentile': 77.1242, 'selected_slug': 'mimo-v2-5-pro', 'evidence_tier': 'Provisional', 'board_scores': {'coding': 88.976, 'agentic-tool-work': 86.312, 'hard-reasoning': 88.786, 'knowledge-science': 87.919, 'instruction-context': 89.951}, 'board_tests': {'coding': 2, 'agentic-tool-work': 2, 'hard-reasoning': 3, 'knowledge-science': 4, 'instruction-context': 3}}}",88.974,2,88.975,88.973,2,2,6,7,30.952,83.767,2,88.976,2,86.285,2,86.285,86.285,2,2,10,11,19.091,83.982,2,86.312,2,88.786,3,88.786,88.786,3,3,4,6,62.5,91.395,3,88.786,3,87.93,4,87.919,87.941,4,4,6,7,61.905,88.186,4,87.919,4,89.967,3,89.967,89.967,3,3,4,4,75.0,89.256,3,89.951,3,14,2,2,49.89,78.4314,34,0,fable5_first_gpt56sol_second_v1,
rasch_main_sparse_rank_mean,Equal mean of the primary Rasch and sparse-item Rasch evidence ranks,primary_rank_consensus,35,Inkling Small,Thinking Machines,inkling-small,inkling small,Main,88.3361,diagnostic_equal_mean_not_ranking_key,35.0,35,35,0,lower_rank_max_then_rank_min_then_stable_id,35,88.3349,35,88.3372,15,15,15,"{'rasch_equal_board': {'coding': 6, 'agentic-tool-work': 10, 'hard-reasoning': 4, 'knowledge-science': 6, 'instruction-context': 4}, 'rasch_sparse_item_sensitivity': {'coding': 7, 'agentic-tool-work': 11, 'hard-reasoning': 6, 'knowledge-science': 7, 'instruction-context': 4}}",38,86.392,33,88.8252,"{'rasch_equal_board': {'method': 'rasch_equal_board', 'rank': 35, 'score': 88.3349, 'rank_percentile': 77.7778, 'selected_slug': 'inkling-small', 'evidence_tier': 'Main', 'board_scores': {'coding': 83.978, 'agentic-tool-work': 81.899, 'hard-reasoning': 93.498, 'knowledge-science': 89.899, 'instruction-context': 92.401}, 'board_tests': {'coding': 4, 'agentic-tool-work': 7, 'hard-reasoning': 3, 'knowledge-science': 5, 'instruction-context': 3}}, 'rasch_sparse_item_sensitivity': {'method': 'rasch_sparse_item_sensitivity', 'rank': 35, 'score': 88.3372, 'rank_percentile': 77.7778, 'selected_slug': 'inkling-small', 'evidence_tier': 'Main', 'board_scores': {'coding': 83.976, 'agentic-tool-work': 81.892, 'hard-reasoning': 93.498, 'knowledge-science': 89.92, 'instruction-context': 92.401}, 'board_tests': {'coding': 4, 'agentic-tool-work': 7, 'hard-reasoning': 3, 'knowledge-science': 5, 'instruction-context': 3}}, 'twopl_equal_board': {'method': 'twopl_equal_board', 'rank': 38, 'score': 86.392, 'rank_percentile': 75.817, 'selected_slug': 'inkling-small', 'evidence_tier': 'Main', 'board_scores': {'coding': 79.56, 'agentic-tool-work': 80.211, 'hard-reasoning': 95.55, 'knowledge-science': 90.778, 'instruction-context': 85.861}, 'board_tests': {'coding': 4, 'agentic-tool-work': 7, 'hard-reasoning': 3, 'knowledge-science': 5, 'instruction-context': 3}}, 'rasch_dense_item_sensitivity': {'method': 'rasch_dense_item_sensitivity', 'rank': 33, 'score': 88.8252, 'rank_percentile': 79.085, 'selected_slug': 'inkling-small', 'evidence_tier': 'Provisional', 'board_scores': {'coding': 83.943, 'agentic-tool-work': 83.726, 'hard-reasoning': 93.498, 'knowledge-science': 89.899, 'instruction-context': 93.059}, 'board_tests': {'coding': 4, 'agentic-tool-work': 6, 'hard-reasoning': 3, 'knowledge-science': 5, 'instruction-context': 2}}}",83.977,4,83.978,83.976,4,4,6,7,61.905,79.56,4,83.943,4,81.895,7,81.899,81.892,7,7,10,11,66.818,80.211,7,83.726,6,93.498,3,93.498,93.498,3,3,4,6,62.5,95.55,3,93.498,3,89.91,5,89.899,89.92,5,5,6,7,77.381,90.778,5,89.899,5,92.401,3,92.401,92.401,3,3,4,4,75.0,85.861,3,93.059,2,22,3,0,68.721,77.7778,35,0,fable5_first_gpt56sol_second_v1,
rasch_main_sparse_rank_mean,Equal mean of the primary Rasch and sparse-item Rasch evidence ranks,primary_rank_consensus,36,Agnes 2.5 Pro Alpha,Sapiens AI,agnes-2-5-pro-alpha,agnes 2 5 pro alpha,Provisional,88.0518,diagnostic_equal_mean_not_ranking_key,36.0,36,36,0,lower_rank_max_then_rank_min_then_stable_id,36,88.0506,36,88.053,8,8,8,"{'rasch_equal_board': {'coding': 6, 'agentic-tool-work': 10, 'hard-reasoning': 4, 'knowledge-science': 6, 'instruction-context': 4}, 'rasch_sparse_item_sensitivity': {'coding': 7, 'agentic-tool-work': 11, 'hard-reasoning': 6, 'knowledge-science': 7, 'instruction-context': 4}}",37,86.5491,26,90.1494,"{'rasch_equal_board': {'method': 'rasch_equal_board', 'rank': 36, 'score': 88.0506, 'rank_percentile': 77.1242, 'selected_slug': 'agnes-2-5-pro-alpha', 'evidence_tier': 'Provisional', 'board_scores': {'coding': 86.739, 'agentic-tool-work': 74.826, 'hard-reasoning': 93.97, 'knowledge-science': 89.228, 'instruction-context': 95.489}, 'board_tests': {'coding': 2, 'agentic-tool-work': 3, 'hard-reasoning': 3, 'knowledge-science': 4, 'instruction-context': 2}}, 'rasch_sparse_item_sensitivity': {'method': 'rasch_sparse_item_sensitivity', 'rank': 36, 'score': 88.053, 'rank_percentile': 77.1242, 'selected_slug': 'agnes-2-5-pro-alpha', 'evidence_tier': 'Provisional', 'board_scores': {'coding': 86.737, 'agentic-tool-work': 74.818, 'hard-reasoning': 93.97, 'knowledge-science': 89.25, 'instruction-context': 95.489}, 'board_tests': {'coding': 2, 'agentic-tool-work': 3, 'hard-reasoning': 3, 'knowledge-science': 4, 'instruction-context': 2}}, 'twopl_equal_board': {'method': 'twopl_equal_board', 'rank': 37, 'score': 86.5491, 'rank_percentile': 76.4706, 'selected_slug': 'agnes-2-5-pro-alpha', 'evidence_tier': 'Provisional', 'board_scores': {'coding': 83.418, 'agentic-tool-work': 75.61, 'hard-reasoning': 95.932, 'knowledge-science': 89.144, 'instruction-context': 88.642}, 'board_tests': {'coding': 2, 'agentic-tool-work': 3, 'hard-reasoning': 3, 'knowledge-science': 4, 'instruction-context': 2}}, 'rasch_dense_item_sensitivity': {'method': 'rasch_dense_item_sensitivity', 'rank': 26, 'score': 90.1494, 'rank_percentile': 83.6601, 'selected_slug': 'agnes-2-5-pro-alpha', 'evidence_tier': 'Provisional', 'board_scores': {'coding': 86.741, 'agentic-tool-work': 85.329, 'hard-reasoning': 93.97, 'knowledge-science': 89.228, 'instruction-context': 95.478}, 'board_tests': {'coding': 2, 'agentic-tool-work': 2, 'hard-reasoning': 3, 'knowledge-science': 4, 'instruction-context': 2}}}",86.738,2,86.739,86.737,2,2,6,7,30.952,83.418,2,86.741,2,74.822,3,74.826,74.818,3,3,10,11,28.636,75.61,3,85.329,2,93.97,3,93.97,93.97,3,3,4,6,62.5,95.932,3,93.97,3,89.239,4,89.228,89.25,4,4,6,7,61.905,89.144,4,89.228,4,95.489,2,95.489,95.489,2,2,4,4,50.0,88.642,2,95.478,2,14,2,2,46.799,77.1242,36,0,fable5_first_gpt56sol_second_v1,
rasch_main_sparse_rank_mean,Equal mean of the primary Rasch and sparse-item Rasch evidence ranks,primary_rank_consensus,37,DeepSeek V4 Flash (max),DeepSeek,deepseek-v4-flash-0420,deepseek v4 flash,Main,87.9995,diagnostic_equal_mean_not_ranking_key,37.0,37,37,0,lower_rank_max_then_rank_min_then_stable_id,37,87.9949,37,88.0041,18,18,18,"{'rasch_equal_board': {'coding': 6, 'agentic-tool-work': 10, 'hard-reasoning': 4, 'knowledge-science': 6, 'instruction-context': 4}, 'rasch_sparse_item_sensitivity': {'coding': 7, 'agentic-tool-work': 11, 'hard-reasoning': 6, 'knowledge-science': 7, 'instruction-context': 4}}",34,87.1271,37,88.2039,"{'rasch_equal_board': {'method': 'rasch_equal_board', 'rank': 37, 'score': 87.9949, 'rank_percentile': 76.4706, 'selected_slug': 'deepseek-v4-flash-0420', 'evidence_tier': 'Main', 'board_scores': {'coding': 85.052, 'agentic-tool-work': 81.631, 'hard-reasoning': 93.075, 'knowledge-science': 89.378, 'instruction-context': 90.839}, 'board_tests': {'coding': 6, 'agentic-tool-work': 8, 'hard-reasoning': 3, 'knowledge-science': 5, 'instruction-context': 3}}, 'rasch_sparse_item_sensitivity': {'method': 'rasch_sparse_item_sensitivity', 'rank': 37, 'score': 88.0041, 'rank_percentile': 76.4706, 'selected_slug': 'deepseek-v4-flash-0420', 'evidence_tier': 'Main', 'board_scores': {'coding': 85.05, 'agentic-tool-work': 81.624, 'hard-reasoning': 93.075, 'knowledge-science': 89.433, 'instruction-context': 90.839}, 'board_tests': {'coding': 6, 'agentic-tool-work': 8, 'hard-reasoning': 3, 'knowledge-science': 5, 'instruction-context': 3}}, 'twopl_equal_board': {'method': 'twopl_equal_board', 'rank': 34, 'score': 87.1271, 'rank_percentile': 78.4314, 'selected_slug': 'deepseek-v4-flash-0420', 'evidence_tier': 'Main', 'board_scores': {'coding': 81.259, 'agentic-tool-work': 81.182, 'hard-reasoning': 95.2, 'knowledge-science': 90.308, 'instruction-context': 87.687}, 'board_tests': {'coding': 6, 'agentic-tool-work': 8, 'hard-reasoning': 3, 'knowledge-science': 5, 'instruction-context': 3}}, 'rasch_dense_item_sensitivity': {'method': 'rasch_dense_item_sensitivity', 'rank': 37, 'score': 88.2039, 'rank_percentile': 76.4706, 'selected_slug': 'deepseek-v4-flash-0420', 'evidence_tier': 'Main', 'board_scores': {'coding': 85.82, 'agentic-tool-work': 81.924, 'hard-reasoning': 93.075, 'knowledge-science': 89.378, 'instruction-context': 90.823}, 'board_tests': {'coding': 5, 'agentic-tool-work': 7, 'hard-reasoning': 3, 'knowledge-science': 5, 'instruction-context': 3}}}",85.051,6,85.052,85.05,6,6,6,7,92.857,81.259,6,85.82,5,81.627,8,81.631,81.624,8,8,10,11,76.364,81.182,8,81.924,7,93.075,3,93.075,93.075,3,3,4,6,62.5,95.2,3,93.075,3,89.406,5,89.378,89.433,5,5,6,7,77.381,90.308,5,89.378,5,90.839,3,90.839,90.839,3,3,4,4,75.0,87.687,3,90.823,3,25,3,0,76.82,76.4706,37,0,fable5_first_gpt56sol_second_v1,
rasch_main_sparse_rank_mean,Equal mean of the primary Rasch and sparse-item Rasch evidence ranks,primary_rank_consensus,38,Inkling,Thinking Machines,inkling,inkling,Main,86.6883,diagnostic_equal_mean_not_ranking_key,38.0,38,38,0,lower_rank_max_then_rank_min_then_stable_id,38,86.6872,38,86.6894,15,15,15,"{'rasch_equal_board': {'coding': 6, 'agentic-tool-work': 10, 'hard-reasoning': 4, 'knowledge-science': 6, 'instruction-context': 4}, 'rasch_sparse_item_sensitivity': {'coding': 7, 'agentic-tool-work': 11, 'hard-reasoning': 6, 'knowledge-science': 7, 'instruction-context': 4}}",39,85.1688,38,87.19,"{'rasch_equal_board': {'method': 'rasch_equal_board', 'rank': 38, 'score': 86.6872, 'rank_percentile': 75.817, 'selected_slug': 'inkling', 'evidence_tier': 'Main', 'board_scores': {'coding': 82.047, 'agentic-tool-work': 80.383, 'hard-reasoning': 89.961, 'knowledge-science': 89.611, 'instruction-context': 91.434}, 'board_tests': {'coding': 4, 'agentic-tool-work': 7, 'hard-reasoning': 3, 'knowledge-science': 5, 'instruction-context': 3}}, 'rasch_sparse_item_sensitivity': {'method': 'rasch_sparse_item_sensitivity', 'rank': 38, 'score': 86.6894, 'rank_percentile': 75.817, 'selected_slug': 'inkling', 'evidence_tier': 'Main', 'board_scores': {'coding': 82.046, 'agentic-tool-work': 80.376, 'hard-reasoning': 89.961, 'knowledge-science': 89.632, 'instruction-context': 91.434}, 'board_tests': {'coding': 4, 'agentic-tool-work': 7, 'hard-reasoning': 3, 'knowledge-science': 5, 'instruction-context': 3}}, 'twopl_equal_board': {'method': 'twopl_equal_board', 'rank': 39, 'score': 85.1688, 'rank_percentile': 75.1634, 'selected_slug': 'inkling', 'evidence_tier': 'Main', 'board_scores': {'coding': 78.383, 'agentic-tool-work': 78.576, 'hard-reasoning': 92.459, 'knowledge-science': 90.153, 'instruction-context': 86.274}, 'board_tests': {'coding': 4, 'agentic-tool-work': 7, 'hard-reasoning': 3, 'knowledge-science': 5, 'instruction-context': 3}}, 'rasch_dense_item_sensitivity': {'method': 'rasch_dense_item_sensitivity', 'rank': 38, 'score': 87.19, 'rank_percentile': 75.817, 'selected_slug': 'inkling', 'evidence_tier': 'Provisional', 'board_scores': {'coding': 82.011, 'agentic-tool-work': 82.975, 'hard-reasoning': 89.961, 'knowledge-science': 89.611, 'instruction-context': 91.393}, 'board_tests': {'coding': 4, 'agentic-tool-work': 6, 'hard-reasoning': 3, 'knowledge-science': 5, 'instruction-context': 2}}}",82.047,4,82.047,82.046,4,4,6,7,61.905,78.383,4,82.011,4,80.38,7,80.383,80.376,7,7,10,11,66.818,78.576,7,82.975,6,89.961,3,89.961,89.961,3,3,4,6,62.5,92.459,3,89.961,3,89.621,5,89.611,89.632,5,5,6,7,77.381,90.153,5,89.611,5,91.434,3,91.434,91.434,3,3,4,4,75.0,86.274,3,91.393,2,22,3,0,68.721,75.817,38,0,fable5_first_gpt56sol_second_v1,
rasch_main_sparse_rank_mean,Equal mean of the primary Rasch and sparse-item Rasch evidence ranks,primary_rank_consensus,39,Claude Sonnet 4.6 (max),Anthropic,claude-sonnet-4-6-adaptive,claude sonnet 4 6,Provisional,86.6508,diagnostic_equal_mean_not_ranking_key,39.0,39,39,0,lower_rank_max_then_rank_min_then_stable_id,39,86.649,39,86.6527,9,9,9,"{'rasch_equal_board': {'coding': 6, 'agentic-tool-work': 10, 'hard-reasoning': 4, 'knowledge-science': 6, 'instruction-context': 4}, 'rasch_sparse_item_sensitivity': {'coding': 7, 'agentic-tool-work': 11, 'hard-reasoning': 6, 'knowledge-science': 7, 'instruction-context': 4}}",36,86.7844,39,86.6511,"{'rasch_equal_board': {'method': 'rasch_equal_board', 'rank': 39, 'score': 86.649, 'rank_percentile': 75.1634, 'selected_slug': 'claude-sonnet-4-6-adaptive', 'evidence_tier': 'Provisional', 'board_scores': {'coding': 90.136, 'agentic-tool-work': 86.717, 'hard-reasoning': 87.136, 'knowledge-science': 90.012, 'instruction-context': 79.244}, 'board_tests': {'coding': 2, 'agentic-tool-work': 2, 'hard-reasoning': 3, 'knowledge-science': 5, 'instruction-context': 3}}, 'rasch_sparse_item_sensitivity': {'method': 'rasch_sparse_item_sensitivity', 'rank': 39, 'score': 86.6527, 'rank_percentile': 75.1634, 'selected_slug': 'claude-sonnet-4-6-adaptive', 'evidence_tier': 'Provisional', 'board_scores': {'coding': 90.135, 'agentic-tool-work': 86.717, 'hard-reasoning': 87.135, 'knowledge-science': 90.033, 'instruction-context': 79.244}, 'board_tests': {'coding': 2, 'agentic-tool-work': 2, 'hard-reasoning': 3, 'knowledge-science': 5, 'instruction-context': 3}}, 'twopl_equal_board': {'method': 'twopl_equal_board', 'rank': 36, 'score': 86.7844, 'rank_percentile': 77.1242, 'selected_slug': 'claude-sonnet-4-6-adaptive', 'evidence_tier': 'Provisional', 'board_scores': {'coding': 85.733, 'agentic-tool-work': 84.841, 'hard-reasoning': 89.851, 'knowledge-science': 90.62, 'instruction-context': 82.876}, 'board_tests': {'coding': 2, 'agentic-tool-work': 2, 'hard-reasoning': 3, 'knowledge-science': 5, 'instruction-context': 3}}, 'rasch_dense_item_sensitivity': {'method': 'rasch_dense_item_sensitivity', 'rank': 39, 'score': 86.6511, 'rank_percentile': 75.1634, 'selected_slug': 'claude-sonnet-4-6-adaptive', 'evidence_tier': 'Provisional', 'board_scores': {'coding': 90.137, 'agentic-tool-work': 86.744, 'hard-reasoning': 87.136, 'knowledge-science': 90.012, 'instruction-context': 79.227}, 'board_tests': {'coding': 2, 'agentic-tool-work': 2, 'hard-reasoning': 3, 'knowledge-science': 5, 'instruction-context': 3}}}",90.136,2,90.136,90.135,2,2,6,7,30.952,85.733,2,90.137,2,86.717,2,86.717,86.717,2,2,10,11,19.091,84.841,2,86.744,2,87.136,3,87.136,87.135,3,3,4,6,62.5,89.851,3,87.136,3,90.023,5,90.012,90.033,5,5,6,7,77.381,90.62,5,90.012,5,79.244,3,79.244,79.244,3,3,4,4,75.0,82.876,3,79.227,3,15,2,2,52.985,75.1634,39,0,fable5_first_gpt56sol_second_v1,
rasch_main_sparse_rank_mean,Equal mean of the primary Rasch and sparse-item Rasch evidence ranks,primary_rank_consensus,40,GPT-5.1 (high),OpenAI,gpt-5-1,gpt 5 1,Provisional,86.5856,diagnostic_equal_mean_not_ranking_key,40.0,40,40,0,lower_rank_max_then_rank_min_then_stable_id,40,86.5837,40,86.5876,10,10,10,"{'rasch_equal_board': {'coding': 6, 'agentic-tool-work': 10, 'hard-reasoning': 4, 'knowledge-science': 6, 'instruction-context': 4}, 'rasch_sparse_item_sensitivity': {'coding': 7, 'agentic-tool-work': 11, 'hard-reasoning': 6, 'knowledge-science': 7, 'instruction-context': 4}}",47,82.3568,40,86.5872,"{'rasch_equal_board': {'method': 'rasch_equal_board', 'rank': 40, 'score': 86.5837, 'rank_percentile': 74.5098, 'selected_slug': 'gpt-5-1', 'evidence_tier': 'Provisional', 'board_scores': {'coding': 80.194, 'agentic-tool-work': 82.657, 'hard-reasoning': 93.239, 'knowledge-science': 88.199, 'instruction-context': 88.63}, 'board_tests': {'coding': 2, 'agentic-tool-work': 2, 'hard-reasoning': 4, 'knowledge-science': 5, 'instruction-context': 3}}, 'rasch_sparse_item_sensitivity': {'method': 'rasch_sparse_item_sensitivity', 'rank': 40, 'score': 86.5876, 'rank_percentile': 74.5098, 'selected_slug': 'gpt-5-1', 'evidence_tier': 'Provisional', 'board_scores': {'coding': 80.192, 'agentic-tool-work': 82.657, 'hard-reasoning': 93.239, 'knowledge-science': 88.22, 'instruction-context': 88.63}, 'board_tests': {'coding': 2, 'agentic-tool-work': 2, 'hard-reasoning': 4, 'knowledge-science': 5, 'instruction-context': 3}}, 'twopl_equal_board': {'method': 'twopl_equal_board', 'rank': 47, 'score': 82.3568, 'rank_percentile': 69.9346, 'selected_slug': 'gpt-5-1', 'evidence_tier': 'Provisional', 'board_scores': {'coding': 77.3, 'agentic-tool-work': 80.277, 'hard-reasoning': 77.218, 'knowledge-science': 88.669, 'instruction-context': 88.32}, 'board_tests': {'coding': 2, 'agentic-tool-work': 2, 'hard-reasoning': 4, 'knowledge-science': 5, 'instruction-context': 3}}, 'rasch_dense_item_sensitivity': {'method': 'rasch_dense_item_sensitivity', 'rank': 40, 'score': 86.5872, 'rank_percentile': 74.5098, 'selected_slug': 'gpt-5-1', 'evidence_tier': 'Provisional', 'board_scores': {'coding': 80.199, 'agentic-tool-work': 82.686, 'hard-reasoning': 93.239, 'knowledge-science': 88.199, 'instruction-context': 88.613}, 'board_tests': {'coding': 2, 'agentic-tool-work': 2, 'hard-reasoning': 4, 'knowledge-science': 5, 'instruction-context': 3}}}",80.193,2,80.194,80.192,2,2,6,7,30.952,77.3,2,80.199,2,82.657,2,82.657,82.657,2,2,10,11,19.091,80.277,2,82.686,2,93.239,4,93.239,93.239,4,4,4,6,83.333,77.218,4,93.239,4,88.209,5,88.199,88.22,5,5,6,7,77.381,88.669,5,88.199,5,88.63,3,88.63,88.63,3,3,4,4,75.0,88.32,3,88.613,3,16,2,2,57.152,74.5098,40,0,fable5_first_gpt56sol_second_v1,
rasch_main_sparse_rank_mean,Equal mean of the primary Rasch and sparse-item Rasch evidence ranks,primary_rank_consensus,41,GPT-5.4 nano (xhigh),OpenAI,gpt-5-4-nano,gpt 5 4 nano,Provisional,86.2915,diagnostic_equal_mean_not_ranking_key,41.0,41,41,0,lower_rank_max_then_rank_min_then_stable_id,41,86.2896,41,86.2934,9,9,9,"{'rasch_equal_board': {'coding': 6, 'agentic-tool-work': 10, 'hard-reasoning': 4, 'knowledge-science': 6, 'instruction-context': 4}, 'rasch_sparse_item_sensitivity': {'coding': 7, 'agentic-tool-work': 11, 'hard-reasoning': 6, 'knowledge-science': 7, 'instruction-context': 4}}",40,85.1576,41,86.2928,"{'rasch_equal_board': {'method': 'rasch_equal_board', 'rank': 41, 'score': 86.2896, 'rank_percentile': 73.8562, 'selected_slug': 'gpt-5-4-nano', 'evidence_tier': 'Provisional', 'board_scores': {'coding': 85.831, 'agentic-tool-work': 83.258, 'hard-reasoning': 89.87, 'knowledge-science': 80.75, 'instruction-context': 91.739}, 'board_tests': {'coding': 2, 'agentic-tool-work': 2, 'hard-reasoning': 3, 'knowledge-science': 5, 'instruction-context': 3}}, 'rasch_sparse_item_sensitivity': {'method': 'rasch_sparse_item_sensitivity', 'rank': 41, 'score': 86.2934, 'rank_percentile': 73.8562, 'selected_slug': 'gpt-5-4-nano', 'evidence_tier': 'Provisional', 'board_scores': {'coding': 85.829, 'agentic-tool-work': 83.258, 'hard-reasoning': 89.869, 'knowledge-science': 80.772, 'instruction-context': 91.739}, 'board_tests': {'coding': 2, 'agentic-tool-work': 2, 'hard-reasoning': 3, 'knowledge-science': 5, 'instruction-context': 3}}, 'twopl_equal_board': {'method': 'twopl_equal_board', 'rank': 40, 'score': 85.1576, 'rank_percentile': 74.5098, 'selected_slug': 'gpt-5-4-nano', 'evidence_tier': 'Provisional', 'board_scores': {'coding': 81.441, 'agentic-tool-work': 81.458, 'hard-reasoning': 92.336, 'knowledge-science': 81.677, 'instruction-context': 88.875}, 'board_tests': {'coding': 2, 'agentic-tool-work': 2, 'hard-reasoning': 3, 'knowledge-science': 5, 'instruction-context': 3}}, 'rasch_dense_item_sensitivity': {'method': 'rasch_dense_item_sensitivity', 'rank': 41, 'score': 86.2928, 'rank_percentile': 73.8562, 'selected_slug': 'gpt-5-4-nano', 'evidence_tier': 'Provisional', 'board_scores': {'coding': 85.833, 'agentic-tool-work': 83.287, 'hard-reasoning': 89.87, 'knowledge-science': 80.75, 'instruction-context': 91.724}, 'board_tests': {'coding': 2, 'agentic-tool-work': 2, 'hard-reasoning': 3, 'knowledge-science': 5, 'instruction-context': 3}}}",85.83,2,85.831,85.829,2,2,6,7,30.952,81.441,2,85.833,2,83.258,2,83.258,83.258,2,2,10,11,19.091,81.458,2,83.287,2,89.87,3,89.87,89.869,3,3,4,6,62.5,92.336,3,89.87,3,80.761,5,80.75,80.772,5,5,6,7,77.381,81.677,5,80.75,5,91.739,3,91.739,91.739,3,3,4,4,75.0,88.875,3,91.724,3,15,2,2,52.985,73.8562,41,0,fable5_first_gpt56sol_second_v1,
rasch_main_sparse_rank_mean,Equal mean of the primary Rasch and sparse-item Rasch evidence ranks,primary_rank_consensus,42,GLM-5.1,Z AI,glm-5-1,glm 5 1,Provisional,85.4819,diagnostic_equal_mean_not_ranking_key,42.0,42,42,0,lower_rank_max_then_rank_min_then_stable_id,42,85.4798,42,85.484,8,8,8,"{'rasch_equal_board': {'coding': 6, 'agentic-tool-work': 10, 'hard-reasoning': 4, 'knowledge-science': 6, 'instruction-context': 4}, 'rasch_sparse_item_sensitivity': {'coding': 7, 'agentic-tool-work': 11, 'hard-reasoning': 6, 'knowledge-science': 7, 'instruction-context': 4}}",41,84.6545,42,85.4828,"{'rasch_equal_board': {'method': 'rasch_equal_board', 'rank': 42, 'score': 85.4798, 'rank_percentile': 73.2026, 'selected_slug': 'glm-5-1', 'evidence_tier': 'Provisional', 'board_scores': {'coding': 84.99, 'agentic-tool-work': 82.306, 'hard-reasoning': 88.189, 'knowledge-science': 85.222, 'instruction-context': 86.692}, 'board_tests': {'coding': 2, 'agentic-tool-work': 2, 'hard-reasoning': 3, 'knowledge-science': 4, 'instruction-context': 3}}, 'rasch_sparse_item_sensitivity': {'method': 'rasch_sparse_item_sensitivity', 'rank': 42, 'score': 85.484, 'rank_percentile': 73.2026, 'selected_slug': 'glm-5-1', 'evidence_tier': 'Provisional', 'board_scores': {'coding': 84.988, 'agentic-tool-work': 82.306, 'hard-reasoning': 88.189, 'knowledge-science': 85.245, 'instruction-context': 86.692}, 'board_tests': {'coding': 2, 'agentic-tool-work': 2, 'hard-reasoning': 3, 'knowledge-science': 4, 'instruction-context': 3}}, 'twopl_equal_board': {'method': 'twopl_equal_board', 'rank': 41, 'score': 84.6545, 'rank_percentile': 73.8562, 'selected_slug': 'glm-5-1', 'evidence_tier': 'Provisional', 'board_scores': {'coding': 81.438, 'agentic-tool-work': 80.918, 'hard-reasoning': 90.822, 'knowledge-science': 85.547, 'instruction-context': 84.547}, 'board_tests': {'coding': 2, 'agentic-tool-work': 2, 'hard-reasoning': 3, 'knowledge-science': 4, 'instruction-context': 3}}, 'rasch_dense_item_sensitivity': {'method': 'rasch_dense_item_sensitivity', 'rank': 42, 'score': 85.4828, 'rank_percentile': 73.2026, 'selected_slug': 'glm-5-1', 'evidence_tier': 'Provisional', 'board_scores': {'coding': 84.993, 'agentic-tool-work': 82.335, 'hard-reasoning': 88.189, 'knowledge-science': 85.222, 'instruction-context': 86.675}, 'board_tests': {'coding': 2, 'agentic-tool-work': 2, 'hard-reasoning': 3, 'knowledge-science': 4, 'instruction-context': 3}}}",84.989,2,84.99,84.988,2,2,6,7,30.952,81.438,2,84.993,2,82.306,2,82.306,82.306,2,2,10,11,19.091,80.918,2,82.335,2,88.189,3,88.189,88.189,3,3,4,6,62.5,90.822,3,88.189,3,85.233,4,85.222,85.245,4,4,6,7,61.905,85.547,4,85.222,4,86.692,3,86.692,86.692,3,3,4,4,75.0,84.547,3,86.675,3,14,2,2,49.89,73.2026,42,0,fable5_first_gpt56sol_second_v1,
rasch_main_sparse_rank_mean,Equal mean of the primary Rasch and sparse-item Rasch evidence ranks,primary_rank_consensus,43,Grok 4.3 (high),SpaceXAI,grok-4-3,grok 4 3,Provisional,85.4698,diagnostic_equal_mean_not_ranking_key,43.0,43,43,0,lower_rank_max_then_rank_min_then_stable_id,43,85.468,43,85.4715,9,9,9,"{'rasch_equal_board': {'coding': 6, 'agentic-tool-work': 10, 'hard-reasoning': 4, 'knowledge-science': 6, 'instruction-context': 4}, 'rasch_sparse_item_sensitivity': {'coding': 7, 'agentic-tool-work': 11, 'hard-reasoning': 6, 'knowledge-science': 7, 'instruction-context': 4}}",42,84.2124,43,85.4724,"{'rasch_equal_board': {'method': 'rasch_equal_board', 'rank': 43, 'score': 85.468, 'rank_percentile': 72.549, 'selected_slug': 'grok-4-3', 'evidence_tier': 'Provisional', 'board_scores': {'coding': 75.321, 'agentic-tool-work': 74.841, 'hard-reasoning': 94.254, 'knowledge-science': 91.739, 'instruction-context': 91.185}, 'board_tests': {'coding': 2, 'agentic-tool-work': 2, 'hard-reasoning': 3, 'knowledge-science': 5, 'instruction-context': 3}}, 'rasch_sparse_item_sensitivity': {'method': 'rasch_sparse_item_sensitivity', 'rank': 43, 'score': 85.4715, 'rank_percentile': 72.549, 'selected_slug': 'grok-4-3', 'evidence_tier': 'Provisional', 'board_scores': {'coding': 75.319, 'agentic-tool-work': 74.841, 'hard-reasoning': 94.254, 'knowledge-science': 91.758, 'instruction-context': 91.185}, 'board_tests': {'coding': 2, 'agentic-tool-work': 2, 'hard-reasoning': 3, 'knowledge-science': 5, 'instruction-context': 3}}, 'twopl_equal_board': {'method': 'twopl_equal_board', 'rank': 42, 'score': 84.2124, 'rank_percentile': 73.2026, 'selected_slug': 'grok-4-3', 'evidence_tier': 'Provisional', 'board_scores': {'coding': 71.9, 'agentic-tool-work': 73.705, 'hard-reasoning': 96.179, 'knowledge-science': 92.442, 'instruction-context': 86.835}, 'board_tests': {'coding': 2, 'agentic-tool-work': 2, 'hard-reasoning': 3, 'knowledge-science': 5, 'instruction-context': 3}}, 'rasch_dense_item_sensitivity': {'method': 'rasch_dense_item_sensitivity', 'rank': 43, 'score': 85.4724, 'rank_percentile': 72.549, 'selected_slug': 'grok-4-3', 'evidence_tier': 'Provisional', 'board_scores': {'coding': 75.329, 'agentic-tool-work': 74.871, 'hard-reasoning': 94.254, 'knowledge-science': 91.739, 'instruction-context': 91.169}, 'board_tests': {'coding': 2, 'agentic-tool-work': 2, 'hard-reasoning': 3, 'knowledge-science': 5, 'instruction-context': 3}}}",75.32,2,75.321,75.319,2,2,6,7,30.952,71.9,2,75.329,2,74.841,2,74.841,74.841,2,2,10,11,19.091,73.705,2,74.871,2,94.254,3,94.254,94.254,3,3,4,6,62.5,96.179,3,94.254,3,91.749,5,91.739,91.758,5,5,6,7,77.381,92.442,5,91.739,5,91.185,3,91.185,91.185,3,3,4,4,75.0,86.835,3,91.169,3,15,2,2,52.985,72.549,43,0,fable5_first_gpt56sol_second_v1,
rasch_main_sparse_rank_mean,Equal mean of the primary Rasch and sparse-item Rasch evidence ranks,primary_rank_consensus,44,Qwen3.6 Plus,Alibaba,qwen3-6-plus,qwen3 6 plus,Main,84.3879,diagnostic_equal_mean_not_ranking_key,44.0,44,44,0,lower_rank_max_then_rank_min_then_stable_id,44,84.3859,44,84.3899,12,12,12,"{'rasch_equal_board': {'coding': 6, 'agentic-tool-work': 10, 'hard-reasoning': 4, 'knowledge-science': 6, 'instruction-context': 4}, 'rasch_sparse_item_sensitivity': {'coding': 7, 'agentic-tool-work': 11, 'hard-reasoning': 6, 'knowledge-science': 7, 'instruction-context': 4}}",43,84.1788,44,84.4528,"{'rasch_equal_board': {'method': 'rasch_equal_board', 'rank': 44, 'score': 84.3859, 'rank_percentile': 71.8954, 'selected_slug': 'qwen3-6-plus', 'evidence_tier': 'Main', 'board_scores': {'coding': 82.894, 'agentic-tool-work': 83.572, 'hard-reasoning': 85.025, 'knowledge-science': 86.042, 'instruction-context': 84.397}, 'board_tests': {'coding': 5, 'agentic-tool-work': 3, 'hard-reasoning': 3, 'knowledge-science': 5, 'instruction-context': 3}}, 'rasch_sparse_item_sensitivity': {'method': 'rasch_sparse_item_sensitivity', 'rank': 44, 'score': 84.3899, 'rank_percentile': 71.8954, 'selected_slug': 'qwen3-6-plus', 'evidence_tier': 'Main', 'board_scores': {'coding': 82.892, 'agentic-tool-work': 83.572, 'hard-reasoning': 85.025, 'knowledge-science': 86.064, 'instruction-context': 84.397}, 'board_tests': {'coding': 5, 'agentic-tool-work': 3, 'hard-reasoning': 3, 'knowledge-science': 5, 'instruction-context': 3}}, 'twopl_equal_board': {'method': 'twopl_equal_board', 'rank': 43, 'score': 84.1788, 'rank_percentile': 72.549, 'selected_slug': 'qwen3-6-plus', 'evidence_tier': 'Main', 'board_scores': {'coding': 79.96, 'agentic-tool-work': 81.8, 'hard-reasoning': 87.805, 'knowledge-science': 86.718, 'instruction-context': 84.611}, 'board_tests': {'coding': 5, 'agentic-tool-work': 3, 'hard-reasoning': 3, 'knowledge-science': 5, 'instruction-context': 3}}, 'rasch_dense_item_sensitivity': {'method': 'rasch_dense_item_sensitivity', 'rank': 44, 'score': 84.4528, 'rank_percentile': 71.8954, 'selected_slug': 'qwen3-6-plus', 'evidence_tier': 'Main', 'board_scores': {'coding': 83.258, 'agentic-tool-work': 83.56, 'hard-reasoning': 85.025, 'knowledge-science': 86.042, 'instruction-context': 84.379}, 'board_tests': {'coding': 4, 'agentic-tool-work': 3, 'hard-reasoning': 3, 'knowledge-science': 5, 'instruction-context': 3}}}",82.893,5,82.894,82.892,5,5,6,7,77.381,79.96,5,83.258,4,83.572,3,83.572,83.572,3,3,10,11,28.636,81.8,3,83.56,3,85.025,3,85.025,85.025,3,3,4,6,62.5,87.805,3,85.025,3,86.053,5,86.042,86.064,5,5,6,7,77.381,86.718,5,86.042,5,84.397,3,84.397,84.397,3,3,4,4,75.0,84.611,3,84.379,3,19,3,0,64.18,71.8954,44,0,fable5_first_gpt56sol_second_v1,
rasch_main_sparse_rank_mean,Equal mean of the primary Rasch and sparse-item Rasch evidence ranks,primary_rank_consensus,45,Kimi K2.5,Kimi,kimi-k2-5,kimi k2 5,Provisional,83.7018,diagnostic_equal_mean_not_ranking_key,45.0,45,45,0,lower_rank_max_then_rank_min_then_stable_id,45,83.6999,45,83.7037,9,9,9,"{'rasch_equal_board': {'coding': 6, 'agentic-tool-work': 10, 'hard-reasoning': 4, 'knowledge-science': 6, 'instruction-context': 4}, 'rasch_sparse_item_sensitivity': {'coding': 7, 'agentic-tool-work': 11, 'hard-reasoning': 6, 'knowledge-science': 7, 'instruction-context': 4}}",44,83.2608,45,83.7034,"{'rasch_equal_board': {'method': 'rasch_equal_board', 'rank': 45, 'score': 83.6999, 'rank_percentile': 71.2418, 'selected_slug': 'kimi-k2-5', 'evidence_tier': 'Provisional', 'board_scores': {'coding': 79.649, 'agentic-tool-work': 79.378, 'hard-reasoning': 86.501, 'knowledge-science': 89.436, 'instruction-context': 83.536}, 'board_tests': {'coding': 2, 'agentic-tool-work': 2, 'hard-reasoning': 3, 'knowledge-science': 5, 'instruction-context': 3}}, 'rasch_sparse_item_sensitivity': {'method': 'rasch_sparse_item_sensitivity', 'rank': 45, 'score': 83.7037, 'rank_percentile': 71.2418, 'selected_slug': 'kimi-k2-5', 'evidence_tier': 'Provisional', 'board_scores': {'coding': 79.647, 'agentic-tool-work': 79.378, 'hard-reasoning': 86.501, 'knowledge-science': 89.457, 'instruction-context': 83.536}, 'board_tests': {'coding': 2, 'agentic-tool-work': 2, 'hard-reasoning': 3, 'knowledge-science': 5, 'instruction-context': 3}}, 'twopl_equal_board': {'method': 'twopl_equal_board', 'rank': 44, 'score': 83.2608, 'rank_percentile': 71.8954, 'selected_slug': 'kimi-k2-5', 'evidence_tier': 'Provisional', 'board_scores': {'coding': 75.184, 'agentic-tool-work': 77.373, 'hard-reasoning': 89.239, 'knowledge-science': 90.045, 'instruction-context': 84.463}, 'board_tests': {'coding': 2, 'agentic-tool-work': 2, 'hard-reasoning': 3, 'knowledge-science': 5, 'instruction-context': 3}}, 'rasch_dense_item_sensitivity': {'method': 'rasch_dense_item_sensitivity', 'rank': 45, 'score': 83.7034, 'rank_percentile': 71.2418, 'selected_slug': 'kimi-k2-5', 'evidence_tier': 'Provisional', 'board_scores': {'coding': 79.654, 'agentic-tool-work': 79.408, 'hard-reasoning': 86.501, 'knowledge-science': 89.436, 'instruction-context': 83.519}, 'board_tests': {'coding': 2, 'agentic-tool-work': 2, 'hard-reasoning': 3, 'knowledge-science': 5, 'instruction-context': 3}}}",79.648,2,79.649,79.647,2,2,6,7,30.952,75.184,2,79.654,2,79.378,2,79.378,79.378,2,2,10,11,19.091,77.373,2,79.408,2,86.501,3,86.501,86.501,3,3,4,6,62.5,89.239,3,86.501,3,89.447,5,89.436,89.457,5,5,6,7,77.381,90.045,5,89.436,5,83.536,3,83.536,83.536,3,3,4,4,75.0,84.463,3,83.519,3,15,2,2,52.985,71.2418,45,0,fable5_first_gpt56sol_second_v1,
rasch_main_sparse_rank_mean,Equal mean of the primary Rasch and sparse-item Rasch evidence ranks,primary_rank_consensus,46,GPT-5 (high),OpenAI,gpt-5,gpt 5,Provisional,83.5053,diagnostic_equal_mean_not_ranking_key,46.0,46,46,0,lower_rank_max_then_rank_min_then_stable_id,46,83.5033,46,83.5073,10,10,10,"{'rasch_equal_board': {'coding': 6, 'agentic-tool-work': 10, 'hard-reasoning': 4, 'knowledge-science': 6, 'instruction-context': 4}, 'rasch_sparse_item_sensitivity': {'coding': 7, 'agentic-tool-work': 11, 'hard-reasoning': 6, 'knowledge-science': 7, 'instruction-context': 4}}",50,79.5504,46,83.5082,"{'rasch_equal_board': {'method': 'rasch_equal_board', 'rank': 46, 'score': 83.5033, 'rank_percentile': 70.5882, 'selected_slug': 'gpt-5', 'evidence_tier': 'Provisional', 'board_scores': {'coding': 69.58, 'agentic-tool-work': 77.388, 'hard-reasoning': 93.451, 'knowledge-science': 87.559, 'instruction-context': 89.538}, 'board_tests': {'coding': 2, 'agentic-tool-work': 2, 'hard-reasoning': 4, 'knowledge-science': 5, 'instruction-context': 3}}, 'rasch_sparse_item_sensitivity': {'method': 'rasch_sparse_item_sensitivity', 'rank': 46, 'score': 83.5073, 'rank_percentile': 70.5882, 'selected_slug': 'gpt-5', 'evidence_tier': 'Provisional', 'board_scores': {'coding': 69.578, 'agentic-tool-work': 77.388, 'hard-reasoning': 93.451, 'knowledge-science': 87.581, 'instruction-context': 89.538}, 'board_tests': {'coding': 2, 'agentic-tool-work': 2, 'hard-reasoning': 4, 'knowledge-science': 5, 'instruction-context': 3}}, 'twopl_equal_board': {'method': 'twopl_equal_board', 'rank': 50, 'score': 79.5504, 'rank_percentile': 67.9739, 'selected_slug': 'gpt-5', 'evidence_tier': 'Provisional', 'board_scores': {'coding': 68.561, 'agentic-tool-work': 74.889, 'hard-reasoning': 77.688, 'knowledge-science': 87.883, 'instruction-context': 88.731}, 'board_tests': {'coding': 2, 'agentic-tool-work': 2, 'hard-reasoning': 4, 'knowledge-science': 5, 'instruction-context': 3}}, 'rasch_dense_item_sensitivity': {'method': 'rasch_dense_item_sensitivity', 'rank': 46, 'score': 83.5082, 'rank_percentile': 70.5882, 'selected_slug': 'gpt-5', 'evidence_tier': 'Provisional', 'board_scores': {'coding': 69.591, 'agentic-tool-work': 77.418, 'hard-reasoning': 93.451, 'knowledge-science': 87.559, 'instruction-context': 89.522}, 'board_tests': {'coding': 2, 'agentic-tool-work': 2, 'hard-reasoning': 4, 'knowledge-science': 5, 'instruction-context': 3}}}",69.579,2,69.58,69.578,2,2,6,7,30.952,68.561,2,69.591,2,77.388,2,77.388,77.388,2,2,10,11,19.091,74.889,2,77.418,2,93.451,4,93.451,93.451,4,4,4,6,83.333,77.688,4,93.451,4,87.57,5,87.559,87.581,5,5,6,7,77.381,87.883,5,87.559,5,89.538,3,89.538,89.538,3,3,4,4,75.0,88.731,3,89.522,3,16,2,2,57.152,70.5882,46,0,fable5_first_gpt56sol_second_v1,
rasch_main_sparse_rank_mean,Equal mean of the primary Rasch and sparse-item Rasch evidence ranks,primary_rank_consensus,47,MiMo-V2.5,Xiaomi,mimo-v2-5-0424,mimo v2 5,Provisional,83.171,diagnostic_equal_mean_not_ranking_key,47.0,47,47,0,lower_rank_max_then_rank_min_then_stable_id,47,83.169,47,83.1729,9,9,9,"{'rasch_equal_board': {'coding': 6, 'agentic-tool-work': 10, 'hard-reasoning': 4, 'knowledge-science': 6, 'instruction-context': 4}, 'rasch_sparse_item_sensitivity': {'coding': 7, 'agentic-tool-work': 11, 'hard-reasoning': 6, 'knowledge-science': 7, 'instruction-context': 4}}",45,82.9568,47,83.1718,"{'rasch_equal_board': {'method': 'rasch_equal_board', 'rank': 47, 'score': 83.169, 'rank_percentile': 69.9346, 'selected_slug': 'mimo-v2-5-0424', 'evidence_tier': 'Provisional', 'board_scores': {'coding': 85.547, 'agentic-tool-work': 82.944, 'hard-reasoning': 84.727, 'knowledge-science': 80.569, 'instruction-context': 82.059}, 'board_tests': {'coding': 2, 'agentic-tool-work': 2, 'hard-reasoning': 3, 'knowledge-science': 5, 'instruction-context': 3}}, 'rasch_sparse_item_sensitivity': {'method': 'rasch_sparse_item_sensitivity', 'rank': 47, 'score': 83.1729, 'rank_percentile': 69.9346, 'selected_slug': 'mimo-v2-5-0424', 'evidence_tier': 'Provisional', 'board_scores': {'coding': 85.545, 'agentic-tool-work': 82.944, 'hard-reasoning': 84.726, 'knowledge-science': 80.591, 'instruction-context': 82.059}, 'board_tests': {'coding': 2, 'agentic-tool-work': 2, 'hard-reasoning': 3, 'knowledge-science': 5, 'instruction-context': 3}}, 'twopl_equal_board': {'method': 'twopl_equal_board', 'rank': 45, 'score': 82.9568, 'rank_percentile': 71.2418, 'selected_slug': 'mimo-v2-5-0424', 'evidence_tier': 'Provisional', 'board_scores': {'coding': 82.122, 'agentic-tool-work': 81.529, 'hard-reasoning': 87.485, 'knowledge-science': 81.462, 'instruction-context': 82.187}, 'board_tests': {'coding': 2, 'agentic-tool-work': 2, 'hard-reasoning': 3, 'knowledge-science': 5, 'instruction-context': 3}}, 'rasch_dense_item_sensitivity': {'method': 'rasch_dense_item_sensitivity', 'rank': 47, 'score': 83.1718, 'rank_percentile': 69.9346, 'selected_slug': 'mimo-v2-5-0424', 'evidence_tier': 'Provisional', 'board_scores': {'coding': 85.549, 'agentic-tool-work': 82.973, 'hard-reasoning': 84.727, 'knowledge-science': 80.569, 'instruction-context': 82.041}, 'board_tests': {'coding': 2, 'agentic-tool-work': 2, 'hard-reasoning': 3, 'knowledge-science': 5, 'instruction-context': 3}}}",85.546,2,85.547,85.545,2,2,6,7,30.952,82.122,2,85.549,2,82.944,2,82.944,82.944,2,2,10,11,19.091,81.529,2,82.973,2,84.727,3,84.727,84.726,3,3,4,6,62.5,87.485,3,84.727,3,80.58,5,80.569,80.591,5,5,6,7,77.381,81.462,5,80.569,5,82.059,3,82.059,82.059,3,3,4,4,75.0,82.187,3,82.041,3,15,2,2,52.985,69.9346,47,0,fable5_first_gpt56sol_second_v1,
rasch_main_sparse_rank_mean,Equal mean of the primary Rasch and sparse-item Rasch evidence ranks,primary_rank_consensus,48,Qwen3.5 397B A17B,Alibaba,qwen3-5-397b-a17b,qwen3 5 397b a17b,Provisional,82.4282,diagnostic_equal_mean_not_ranking_key,48.0,48,48,0,lower_rank_max_then_rank_min_then_stable_id,48,82.4263,48,82.4301,9,9,9,"{'rasch_equal_board': {'coding': 6, 'agentic-tool-work': 10, 'hard-reasoning': 4, 'knowledge-science': 6, 'instruction-context': 4}, 'rasch_sparse_item_sensitivity': {'coding': 7, 'agentic-tool-work': 11, 'hard-reasoning': 6, 'knowledge-science': 7, 'instruction-context': 4}}",46,82.5466,48,82.4298,"{'rasch_equal_board': {'method': 'rasch_equal_board', 'rank': 48, 'score': 82.4263, 'rank_percentile': 69.281, 'selected_slug': 'qwen3-5-397b-a17b', 'evidence_tier': 'Provisional', 'board_scores': {'coding': 78.911, 'agentic-tool-work': 80.89, 'hard-reasoning': 82.217, 'knowledge-science': 88.001, 'instruction-context': 82.112}, 'board_tests': {'coding': 2, 'agentic-tool-work': 2, 'hard-reasoning': 3, 'knowledge-science': 5, 'instruction-context': 3}}, 'rasch_sparse_item_sensitivity': {'method': 'rasch_sparse_item_sensitivity', 'rank': 48, 'score': 82.4301, 'rank_percentile': 69.281, 'selected_slug': 'qwen3-5-397b-a17b', 'evidence_tier': 'Provisional', 'board_scores': {'coding': 78.909, 'agentic-tool-work': 80.89, 'hard-reasoning': 82.217, 'knowledge-science': 88.023, 'instruction-context': 82.112}, 'board_tests': {'coding': 2, 'agentic-tool-work': 2, 'hard-reasoning': 3, 'knowledge-science': 5, 'instruction-context': 3}}, 'twopl_equal_board': {'method': 'twopl_equal_board', 'rank': 46, 'score': 82.5466, 'rank_percentile': 70.5882, 'selected_slug': 'qwen3-5-397b-a17b', 'evidence_tier': 'Provisional', 'board_scores': {'coding': 76.568, 'agentic-tool-work': 78.955, 'hard-reasoning': 85.05, 'knowledge-science': 88.72, 'instruction-context': 83.439}, 'board_tests': {'coding': 2, 'agentic-tool-work': 2, 'hard-reasoning': 3, 'knowledge-science': 5, 'instruction-context': 3}}, 'rasch_dense_item_sensitivity': {'method': 'rasch_dense_item_sensitivity', 'rank': 48, 'score': 82.4298, 'rank_percentile': 69.281, 'selected_slug': 'qwen3-5-397b-a17b', 'evidence_tier': 'Provisional', 'board_scores': {'coding': 78.917, 'agentic-tool-work': 80.919, 'hard-reasoning': 82.217, 'knowledge-science': 88.001, 'instruction-context': 82.094}, 'board_tests': {'coding': 2, 'agentic-tool-work': 2, 'hard-reasoning': 3, 'knowledge-science': 5, 'instruction-context': 3}}}",78.91,2,78.911,78.909,2,2,6,7,30.952,76.568,2,78.917,2,80.89,2,80.89,80.89,2,2,10,11,19.091,78.955,2,80.919,2,82.217,3,82.217,82.217,3,3,4,6,62.5,85.05,3,82.217,3,88.012,5,88.001,88.023,5,5,6,7,77.381,88.72,5,88.001,5,82.112,3,82.112,82.112,3,3,4,4,75.0,83.439,3,82.094,3,15,2,2,52.985,69.281,48,0,fable5_first_gpt56sol_second_v1,
rasch_main_sparse_rank_mean,Equal mean of the primary Rasch and sparse-item Rasch evidence ranks,primary_rank_consensus,49,MiniMax-M2.7,MiniMax,minimax-m2-7,minimax m2 7,Main,81.6403,diagnostic_equal_mean_not_ranking_key,49.0,49,49,0,lower_rank_max_then_rank_min_then_stable_id,49,81.6382,49,81.6423,12,12,12,"{'rasch_equal_board': {'coding': 6, 'agentic-tool-work': 10, 'hard-reasoning': 4, 'knowledge-science': 6, 'instruction-context': 4}, 'rasch_sparse_item_sensitivity': {'coding': 7, 'agentic-tool-work': 11, 'hard-reasoning': 6, 'knowledge-science': 7, 'instruction-context': 4}}",48,81.9835,50,81.5551,"{'rasch_equal_board': {'method': 'rasch_equal_board', 'rank': 49, 'score': 81.6382, 'rank_percentile': 68.6275, 'selected_slug': 'minimax-m2-7', 'evidence_tier': 'Main', 'board_scores': {'coding': 84.233, 'agentic-tool-work': 83.416, 'hard-reasoning': 75.937, 'knowledge-science': 87.328, 'instruction-context': 77.278}, 'board_tests': {'coding': 4, 'agentic-tool-work': 5, 'hard-reasoning': 3, 'knowledge-science': 4, 'instruction-context': 3}}, 'rasch_sparse_item_sensitivity': {'method': 'rasch_sparse_item_sensitivity', 'rank': 49, 'score': 81.6423, 'rank_percentile': 68.6275, 'selected_slug': 'minimax-m2-7', 'evidence_tier': 'Main', 'board_scores': {'coding': 84.231, 'agentic-tool-work': 83.416, 'hard-reasoning': 75.937, 'knowledge-science': 87.351, 'instruction-context': 77.278}, 'board_tests': {'coding': 4, 'agentic-tool-work': 5, 'hard-reasoning': 3, 'knowledge-science': 4, 'instruction-context': 3}}, 'twopl_equal_board': {'method': 'twopl_equal_board', 'rank': 48, 'score': 81.9835, 'rank_percentile': 69.281, 'selected_slug': 'minimax-m2-7', 'evidence_tier': 'Main', 'board_scores': {'coding': 80.007, 'agentic-tool-work': 81.784, 'hard-reasoning': 78.59, 'knowledge-science': 87.444, 'instruction-context': 82.092}, 'board_tests': {'coding': 4, 'agentic-tool-work': 5, 'hard-reasoning': 3, 'knowledge-science': 4, 'instruction-context': 3}}, 'rasch_dense_item_sensitivity': {'method': 'rasch_dense_item_sensitivity', 'rank': 50, 'score': 81.5551, 'rank_percentile': 67.9739, 'selected_slug': 'minimax-m2-7', 'evidence_tier': 'Main', 'board_scores': {'coding': 84.059, 'agentic-tool-work': 83.19, 'hard-reasoning': 75.937, 'knowledge-science': 87.328, 'instruction-context': 77.261}, 'board_tests': {'coding': 3, 'agentic-tool-work': 5, 'hard-reasoning': 3, 'knowledge-science': 4, 'instruction-context': 3}}}",84.232,4,84.233,84.231,4,4,6,7,61.905,80.007,4,84.059,3,83.416,5,83.416,83.416,5,5,10,11,47.727,81.784,5,83.19,5,75.937,3,75.937,75.937,3,3,4,6,62.5,78.59,3,75.937,3,87.34,4,87.328,87.351,4,4,6,7,61.905,87.444,4,87.328,4,77.278,3,77.278,77.278,3,3,4,4,75.0,82.092,3,77.261,3,19,3,0,61.807,68.6275,49,0,fable5_first_gpt56sol_second_v1,
rasch_main_sparse_rank_mean,Equal mean of the primary Rasch and sparse-item Rasch evidence ranks,primary_rank_consensus,50,Nemotron 3 Ultra,NVIDIA,nvidia-nemotron-3-ultra-550b-a55b,nemotron 3 ultra,Main,81.608,diagnostic_equal_mean_not_ranking_key,50.0,50,50,0,lower_rank_max_then_rank_min_then_stable_id,50,81.6016,50,81.6143,14,14,14,"{'rasch_equal_board': {'coding': 6, 'agentic-tool-work': 10, 'hard-reasoning': 4, 'knowledge-science': 6, 'instruction-context': 4}, 'rasch_sparse_item_sensitivity': {'coding': 7, 'agentic-tool-work': 11, 'hard-reasoning': 6, 'knowledge-science': 7, 'instruction-context': 4}}",49,81.448,49,81.7784,"{'rasch_equal_board': {'method': 'rasch_equal_board', 'rank': 50, 'score': 81.6016, 'rank_percentile': 67.9739, 'selected_slug': 'nvidia-nemotron-3-ultra-550b-a55b', 'evidence_tier': 'Main', 'board_scores': {'coding': 78.474, 'agentic-tool-work': 75.489, 'hard-reasoning': 84.935, 'knowledge-science': 82.047, 'instruction-context': 87.064}, 'board_tests': {'coding': 5, 'agentic-tool-work': 4, 'hard-reasoning': 3, 'knowledge-science': 5, 'instruction-context': 3}}, 'rasch_sparse_item_sensitivity': {'method': 'rasch_sparse_item_sensitivity', 'rank': 50, 'score': 81.6143, 'rank_percentile': 67.9739, 'selected_slug': 'nvidia-nemotron-3-ultra-550b-a55b', 'evidence_tier': 'Main', 'board_scores': {'coding': 78.472, 'agentic-tool-work': 75.484, 'hard-reasoning': 84.935, 'knowledge-science': 82.117, 'instruction-context': 87.064}, 'board_tests': {'coding': 5, 'agentic-tool-work': 4, 'hard-reasoning': 3, 'knowledge-science': 5, 'instruction-context': 3}}, 'twopl_equal_board': {'method': 'twopl_equal_board', 'rank': 49, 'score': 81.448, 'rank_percentile': 68.6275, 'selected_slug': 'nvidia-nemotron-3-ultra-550b-a55b', 'evidence_tier': 'Main', 'board_scores': {'coding': 76.244, 'agentic-tool-work': 74.475, 'hard-reasoning': 87.708, 'knowledge-science': 83.251, 'instruction-context': 85.562}, 'board_tests': {'coding': 5, 'agentic-tool-work': 4, 'hard-reasoning': 3, 'knowledge-science': 5, 'instruction-context': 3}}, 'rasch_dense_item_sensitivity': {'method': 'rasch_dense_item_sensitivity', 'rank': 49, 'score': 81.7784, 'rank_percentile': 68.6275, 'selected_slug': 'nvidia-nemotron-3-ultra-550b-a55b', 'evidence_tier': 'Main', 'board_scores': {'coding': 79.722, 'agentic-tool-work': 75.141, 'hard-reasoning': 84.935, 'knowledge-science': 82.047, 'instruction-context': 87.047}, 'board_tests': {'coding': 4, 'agentic-tool-work': 4, 'hard-reasoning': 3, 'knowledge-science': 5, 'instruction-context': 3}}}",78.473,5,78.474,78.472,5,5,6,7,77.381,76.244,5,79.722,4,75.487,4,75.489,75.484,4,4,10,11,38.182,74.475,4,75.141,4,84.935,3,84.935,84.935,3,3,4,6,62.5,87.708,3,84.935,3,82.082,5,82.047,82.117,5,5,6,7,77.381,83.251,5,82.047,5,87.064,3,87.064,87.064,3,3,4,4,75.0,85.562,3,87.047,3,20,3,0,66.089,67.9739,50,0,fable5_first_gpt56sol_second_v1,
